-1.251727209602758739e-01 1.211384387700102927e-01 1.743813776027669959e+00 -1.690387544260393060e+00
5.132292728341583121e-01 4.622876271420549021e-01 -4.687551438378011470e-01 -4.242434909760899320e-01
-4.639940261799648802e-01 4.593751262172918182e-01 4.831438925451243538e-01 -4.785479269694633553e-01
4.714430969648931713e-01 4.714249460664077240e-01 -4.715291247411355080e-01 -4.715101775234963322e-01
4.716040675209237643e-01 4.716553214929323778e-01 -4.713621136193758554e-01 -4.713968668437853449e-01
-4.715322436034035669e-01 4.715180034871160331e-01 4.715783751865889051e-01 -4.715637361433550057e-01
4.715886965854065305e-01 4.716124743683531850e-01 -4.716157603449643854e-01 -4.716396998423052489e-01
4.716890441704338355e-01 4.716756617181672717e-01 -4.716726886976121413e-01 -4.716679626879304310e-01
-4.717704213233353538e-01 4.717541738818679109e-01 4.717377100225516040e-01 -4.717319378323346357e-01
-4.718096905438496358e-01 4.717973943687622240e-01 4.718696671925868280e-01 -4.718465697074923360e-01
4.719071012520647534e-01 4.719115497666604986e-01 -4.719222423027262248e-01 -4.719187049995968719e-01
4.720253537752749917e-01 4.720070952681664211e-01 -4.719858989280303896e-01 -4.719632338580201369e-01
5.662867860577622814e-01 2.098177101159566169e-02 -5.903105074751784365e-01 -2.409218092687136215e-02
4.722625570266659190e-01 4.722468249608579027e-01 -4.722035328183750158e-01 -4.721881176095595323e-01
-1.842037548964490790e-01 1.487065961499722255e-01 1.114536754589990242e+00 -9.686459133827551859e-01
-4.724465598120030085e-01 4.724414866796440293e-01 4.724901433877356505e-01 -4.724900248719461349e-01
-4.726065648165738153e-01 4.726172852690921355e-01 4.726028144276280263e-01 -4.726071935710731697e-01
-4.728138661613170424e-01 4.727682946860843893e-01 4.727486609002431450e-01 -4.727110922137246485e-01
5.799428765944318886e-01 -3.783449358219432776e-03 -5.784665891183333741e-01 4.370759650994815448e-03
4.730775049802301568e-01 4.730462654944963541e-01 -4.731184499020155698e-01 -4.730895201235013059e-01
5.774778563622255945e-01 1.081360110480307501e-02 -5.818786473214012656e-01 -1.285005724528829468e-02
4.734484232066046849e-01 4.734459150713266062e-01 -4.734223837560063708e-01 -4.734549968325556524e-01
-4.736418351901798829e-01 -4.737763876904347304e-01 4.734729237211321995e-01 4.736453673205646142e-01
-5.802639019956782329e-01 1.079290767568531848e-03 5.805078531289499244e-01 -1.307630478653180623e-03
-4.740825044186290915e-01 4.741264037327355685e-01 4.739922335147422339e-01 -4.740482556350875676e-01
4.743006993739318222e-01 4.743042543656553756e-01 -4.742326817675954209e-01 -4.742391374339383070e-01
-4.745129869461869321e-01 4.745149592754526191e-01 4.744702795120336325e-01 -4.744608435977201166e-01
-4.747374954795456348e-01 4.747743864474229802e-01 4.747258353720221757e-01 -4.747370473662508861e-01
4.750287478139794128e-01 4.750233344946012681e-01 -4.749782475931771941e-01 -4.749567278300241835e-01
5.653648695855317818e-01 3.587846109276363049e-02 -5.984720851935430019e-01 -4.864043162093591860e-02
-4.754908977116682478e-01 4.755243928077096949e-01 4.754920135541993442e-01 -4.755389793733227899e-01
-5.819672896614493940e-01 2.760431743651569833e-03 5.837537965815319252e-01 -3.676200512808171054e-03
-5.812314405936116479e-01 5.379013913458863434e-03 5.851844884196939489e-01 -7.128754810968041151e-03
-4.763764530021973309e-01 4.764070847845585099e-01 4.763939521523944398e-01 -4.764452502939351408e-01
-4.766661209319367210e-01 4.766899234203885172e-01 4.767087545343261512e-01 -4.767259705440714534e-01
-5.835847838983658775e-01 3.448227712136788230e-03 5.851123866486234171e-01 -4.761566676793337581e-03
-5.714980541227627775e-01 2.462942935288907342e-02 5.992303477795347666e-01 -3.650127850219866271e-02
-5.836819259767567214e-01 5.878722602566431935e-03 5.867101187558203534e-01 -8.233100460844536284e-03
-5.862836313508643649e-01 -2.499433230073449565e-03 5.848062669224827204e-01 3.523964703913396845e-03
-4.784051863009653460e-01 4.783977034689734786e-01 4.784119456045442531e-01 -4.784303471660648066e-01
-4.787568253802357843e-01 4.787824715559788058e-01 4.787902437734991579e-01 -4.787813639342154981e-01
-5.832802638925271843e-01 8.621931068766967160e-03 5.911841543705091961e-01 -1.309031814422205800e-02
-4.795414093982206527e-01 -4.795666603195085087e-01 4.795513391161669858e-01 4.795960612346635843e-01
-4.799868622601076718e-01 4.802149245642489683e-01 4.797669590106773407e-01 -4.797623163321073636e-01
-4.803917708518108398e-01 -4.803757659142325886e-01 4.803827526903767797e-01 4.804279153092536614e-01
-4.807327324809324010e-01 4.808284289473136464e-01 4.808725845591563242e-01 -4.809390947924803150e-01
-5.899832580430938167e-01 -3.318301232922541127e-03 5.891769487052437304e-01 5.241086093855829194e-03
4.816816805053094619e-01 4.816958709888383150e-01 -4.817132972695264415e-01 -4.817586611336943658e-01
-4.821836557660672540e-01 4.821743766891791738e-01 4.822304394220082724e-01 -4.822076161480444711e-01
-4.826889568208001524e-01 4.827003314644673360e-01 4.826429148706602446e-01 -4.826495578131165254e-01
-4.832050249771109862e-01 4.832128734051741592e-01 4.831455863646235138e-01 -4.831553101526511185e-01
-4.836726160513632466e-01 4.836595035922677255e-01 4.837029355808217801e-01 -4.836823562684742228e-01
-4.842161988671036532e-01 4.842006626248827050e-01 4.842342565495624807e-01 -4.842562411184508919e-01
-4.847377532360634955e-01 4.847245677818047827e-01 4.847624909868536447e-01 -4.847803123418269466e-01
-4.853388487526278938e-01 4.853133729663843265e-01 4.853390961862432684e-01 -4.852892599600573398e-01
-5.949691748363672428e-01 2.964079854342113220e-03 5.960577076996015355e-01 -5.305476612225590478e-03
-5.944763401101849087e-01 5.809327460564605965e-03 5.980393801085978067e-01 -1.056820542055820523e-02
-4.870597944771682952e-01 4.870372235685810347e-01 4.870586955363671033e-01 -4.870633801784663985e-01
-5.974160016541437690e-01 2.837418229596136345e-03 5.981318808087379146e-01 -5.313726945621663825e-03
-5.979799607625090330e-01 4.737506253019471529e-03 5.992189678534544095e-01 -9.006408459825612084e-03
-5.990814754198354741e-01 3.721664959531658084e-03 5.998659047392715937e-01 -7.400250346790128442e-03
-4.896649519954411889e-01 -4.896164445642758878e-01 4.896222058045663905e-01 4.896192259608913577e-01
-5.988797230282854045e-01 1.246226424702965782e-02 6.033843048389131436e-01 -2.471396252055653442e-02
-6.019394071976413851e-01 1.242913386321070623e-03 6.020933858117090143e-01 -2.524106809400165300e-03
-6.028296153270780167e-01 1.861243948364182813e-03 6.031135527951704267e-01 -3.829434987707649660e-03
-6.038820967282761965e-01 -1.043720918665393284e-04 6.039158284992651726e-01 2.052585177495104660e-04
-6.045229273439876039e-01 3.687438858144048356e-03 6.053097384303072204e-01 -8.065722288785225763e-03
-4.939998774214925392e-01 4.939903668090075417e-01 4.940337174315955204e-01 -4.940085455907605727e-01
-4.948247545242426826e-01 -4.948012927485729850e-01 4.948084366498559095e-01 4.948095586156959769e-01
-4.956446426986695908e-01 -4.956123273173909105e-01 4.956603842283692218e-01 4.956221180800122750e-01
-6.088103371964525001e-01 -8.249105505346288753e-03 6.091736924960471367e-01 1.914866751218267937e-02
-4.973659672327617187e-01 -4.973374335736839291e-01 4.973563044715856307e-01 4.973829872582586353e-01
-4.982427035864488429e-01 4.982855046054300852e-01 4.982561857780682946e-01 -4.982769035637715782e-01
-6.122865870195969284e-01 3.804645989093807020e-03 6.129313224628931689e-01 -9.288773290321213419e-03
-5.001170202108593532e-01 -5.001633537701186683e-01 5.001028766840048823e-01 5.000983122569251371e-01
-5.010984243288336693e-01 -5.010485294679782875e-01 5.010750007260720285e-01 5.011037006830896257e-01
-5.020226881176912404e-01 -5.021166077211023371e-01 5.020440361792244399e-01 5.021134678181110589e-01
-5.031101609826053034e-01 5.031070443319526353e-01 5.031348449573205261e-01 -5.031086882608343247e-01
-5.041389917764197426e-01 -5.041732215066175860e-01 5.041710364120099985e-01 5.041998466033212889e-01
-5.052221516523816014e-01 -5.052867065887696185e-01 5.052301403614085640e-01 5.052420434689511852e-01
-5.063476111006313118e-01 -5.063141342886499086e-01 5.063631478280248288e-01 5.063959035541500953e-01
-5.075339052071183854e-01 5.075358273035699419e-01 5.075295832700028598e-01 -5.074937378407584632e-01
-6.249819069025006613e-01 2.171534191773717704e-03 6.256505916963903680e-01 -6.899478832481502691e-03
-5.099485107152552654e-01 5.099554392062377595e-01 5.098989704454897076e-01 -5.099264288243390286e-01
-5.111998082664506171e-01 5.112216983793298475e-01 5.111618018237426009e-01 -5.111804183276991154e-01
-5.124993021419664840e-01 5.125314600426560396e-01 5.125126219058200316e-01 -5.124728865178492798e-01
-6.111544270713142879e-01 3.854433182723257523e-02 6.496581323653203288e-01 -1.480459014219106528e-01
-5.152571543138300125e-01 -5.152257789295935364e-01 5.152235544559806701e-01 5.152736290689008403e-01
-5.166466938107490137e-01 -5.166808850132003084e-01 5.166930439947212683e-01 5.166810844310683049e-01
-5.181449383687104504e-01 -5.181598693148348200e-01 5.181941467873223406e-01 5.181582833886583250e-01
-6.406256280524562641e-01 -2.173827276940544853e-03 6.403296259557559322e-01 8.693780620346399160e-03
-6.428005362117328314e-01 -2.231755532512556383e-03 6.427469988246199417e-01 9.227231730941771320e-03
-6.451439954255436815e-01 2.138429563737349621e-03 6.452979269397008943e-01 -9.062800630861581053e-03
-5.246361367181777702e-01 5.246550710237228854e-01 5.246526044628574414e-01 -5.247008867612472649e-01
-6.496633778189233599e-01 -8.129622118321657570e-03 6.503548214523884319e-01 3.783438185643861473e-02
-5.282654514158779957e-01 -5.282300120178984315e-01 5.283168103305695418e-01 5.282940388920319696e-01
-6.540867628096904696e-01 9.702229032130017111e-03 6.574619415812912315e-01 -4.424498960774836398e-02
5.322608676833526786e-01 -5.321885472112990456e-01 -5.322172488964539427e-01 5.322309481315694590e-01
-5.343560767783865906e-01 -5.342949233631510975e-01 5.343244567231886233e-01 5.342988443666688569e-01
