-7.029620003594738709e-01 -6.962481617709737058e-01 -3.786149563762438580e-02 1.003753798725321306e-01 -4.622897715736770108e-01 5.422754211274682934e-01 6.117375537254002293e-02 -1.706596870153900825e-02 -1.099305014002001368e-01 -4.635932545787908587e-01 2.407312217242998237e-02 2.878225970083085616e-02
4.722355400087060451e-01 -1.736678753452710611e-01 -3.757554914274779945e-01 -7.235372071185360854e-01 1.727902395543701730e-01 1.268206443637174829e-01 -4.136984148733289235e-01 3.045512656383774219e-01 1.370525909270474407e-01 4.976527503074966718e-01 1.366076738440653027e-01 4.959613899563435346e-01
2.573815916877435217e-03 5.967523014139968218e-01 9.375474258797888982e-02 4.259221251341656078e-01 6.669179784705854264e-01 -6.360748411272741827e-03 -4.859861845775155231e-01 4.492226620984972607e-01 -6.741661310455039358e-01 1.988369223548574205e-01 -1.002066463012386555e-01 -8.235666538426106298e-01
-1.094197995638422211e-01 7.001804532206858944e-01 2.505946276418088287e-02 -6.693556649002300185e-01 7.385402121333763947e-01 1.135972869715964895e-01 -1.046073993134254698e-01 2.477992730360225604e-01 -5.592300875772995283e-01 -1.849626337188079173e-01 -3.687656358876791884e-01 -2.957597887133898151e-01
8.491936686522920386e-02 3.999906132206890175e-01 8.537135404226048330e-02 3.976501360143868125e-01 4.921961533008906153e-01 -8.620586841543671081e-03 -4.308869973252575925e-01 5.356452602679633301e-01 -5.753751505111923681e-01 1.559357748487741890e-01 -1.536446570974930315e-01 -8.156230652293899874e-01
9.843082583852504064e-03 -4.862290124103213484e-02 4.876977446802743116e-02 1.035837053301855576e-01 1.474466988518703392e-01 4.572280813866921867e-02 -1.512975563367412180e-01 2.623578555396729323e-02 2.110574297881304129e-01 -1.123360292802108307e-01 9.868047178523596530e-03 -4.930831493170063917e-02
-8.205549691268598789e-02 6.426695156769621775e-01 -1.772123372483731460e-02 3.707903841657633759e-01 7.759512533196657458e-01 -3.598452477985483039e-03 -6.465830869498142564e-01 2.870477307307323089e-01 -6.465953370813839474e-01 2.870491832805566190e-01 -5.303986603468506533e-02 -7.751678046714958192e-01
4.451356447190585319e-01 -1.787562817148568572e-01 -4.073710146132146770e-01 -8.195281866741728205e-01 1.630518479620268746e-01 1.142508160184637633e-01 -4.401036434367086025e-01 2.581267780947619217e-01 1.257481519140852821e-01 5.311891053452071354e-01 1.257514252070218441e-01 5.311623937699400111e-01
-7.003585414572972845e-02 -1.937774828047746922e-01 1.756749847562497340e-03 -1.480147829786854774e-01 -1.616722449073280998e+00 5.472465039059495329e-01 -4.171103005225289539e-01 6.996270157446795590e-01 -3.099217731681114807e-01 2.446618865193382342e-01 2.505682196374080586e-03 -1.476583000573598592e-01
1.712150407410144293e-02 7.247142552598910825e-01 1.218700662720003935e-01 -7.683942538575356807e-01 8.121338856249442628e-01 2.578881592513927734e-02 -1.809757689986576934e-01 -2.574802788734835146e-01 -1.412610881086967307e+00 1.123900808711445265e+00 -6.026791274069263071e-01 -1.813633309832191620e-01
7.997743341445501253e-02 4.991286230500852628e-01 7.996243378290893156e-02 4.991309655814483159e-01 7.097418116736391447e-01 -6.455679170255143942e-03 -5.166424696208943290e-01 4.306746690581186310e-01 -7.438125394649055533e-01 1.648124895542708024e-01 -9.009483873670753873e-02 -7.605879656463331306e-01
-4.977530884680024803e-01 -1.825393035136180897e+00 -3.771903494045973637e-02 9.713682115996077893e-02 -5.037054530549223141e-01 -3.101955177761476223e-01 5.190145020346036836e-02 -1.772021886252841266e-02 -1.390443281797948405e-01 -5.362340653485269115e-01 -3.771807714624308278e-02 9.713189081766968047e-02
5.920037829678430619e-01 -1.895172601777952992e-01 -2.332044095759200353e-01 -6.969098369667248161e-01 1.033185856091421717e-01 1.152930872459645151e-01 -6.780945830492389748e-01 1.903523041491289036e-01 1.394104049445608617e-01 4.078143783334722272e-01 1.393776063184651304e-01 4.076760140756028328e-01
8.230890335894420762e-01 2.194109479345691949e-01 8.540037863927377737e-01 2.163849375295751609e-01 3.045118214212136354e-01 -7.829417932837212657e-01 -6.890628214748235614e-01 -3.627738919224848813e-01 -1.206567036717563157e+00 3.312613420546607901e-01 -1.987244793265497411e-01 7.461768612135726286e-01
-4.565064767214355168e-02 -2.213956168743534958e-01 9.323909490222066082e-03 -1.869377488250145714e-01 -8.856069521350152796e-01 5.264449775924202601e-01 -3.478881104704860117e-01 6.349472671377426325e-01 -7.550906862975095279e-01 2.101769727201265592e-01 9.450068754701565835e-03 -1.868720759779282092e-01
9.454902382618399770e-01 -5.388190360668301260e-01 5.594033596435213362e-02 -9.318035115760987530e-01 2.517563547640238042e-01 3.991732402445111183e-02 -7.923672355683506474e-01 -4.610537478954077617e-01 7.283516086728907268e-01 8.236264630786362950e-01 -5.796933655468294866e-01 6.943918011844698590e-01
8.343401952424833734e-01 -4.325327534160698928e-01 1.545393537844510189e-02 -9.117228407674539126e-01 1.101829684290248912e-01 2.461783028198450129e-01 -7.860926181108045530e-01 -4.092150469319976169e-01 7.488741853502294266e-01 8.471239208311238666e-01 -6.666097605546901228e-01 7.748608211006049462e-01
7.638724188060591613e-02 5.873857996533602410e-01 7.638858126469584564e-02 5.873862393113836733e-01 6.864862571045862172e-01 -5.233337605199615480e-03 -6.811516855305013163e-01 5.832792972263237674e-01 -7.979087473379558038e-01 1.539026938000673805e-01 -1.647349704249903568e-01 -7.972523165117616495e-01
7.539402306079547866e-01 -5.544902740074371117e-01 -3.484915369598866608e-01 -8.670303920097990336e-01 -4.115585692369616577e-02 2.020492754926819789e-02 -1.029109256632461999e+00 -4.873744777137876127e-01 7.031597407024028357e-01 7.428876160198698564e-01 -6.281750301252801982e-01 6.980884983928041798e-01
7.981192311416069884e-01 -3.378973381595049563e-01 -3.988428210845450517e-01 -7.074253716322556063e-01 1.934898407682812960e-01 -1.468353623608002756e-02 -7.871853518170945918e-01 4.041957436755508892e-01 4.668691082006982684e-01 -1.469284035488171991e+00 3.599060319427271892e-01 7.979846309094680290e-01
-5.489121708860098536e-01 -1.717110102580849063e+00 -4.895127968844085325e-02 7.962601924561656108e-02 -2.007348241734867589e-01 1.342189580649048863e-02 5.878085040062386302e-02 -2.687183296415742578e-02 -1.275681222616287247e-01 -1.441248020188095058e-01 -4.895054630880778246e-02 7.962994506300828668e-02
-2.902916167986647755e-01 -3.924244464729716442e-01 9.330900858050552582e-01 3.510932402189032020e-01 -7.463000149022505636e-02 1.875686745527321841e-01 -6.000854530320733904e-01 1.368073743317133051e-02 2.427460813566909292e-01 -3.770546664977072471e-01 -7.463060392434839319e-02 1.875667433781848248e-01
-4.482164088418728598e-01 -5.808695661511540376e-01 -4.995513697272796483e-02 1.129482327539123865e-01 -1.226762572827710396e-01 6.770296761666796947e-02 6.255880039352057498e-02 -2.760952835458181306e-02 -1.102894113497134704e-01 -9.803108791924062260e-01 -4.996343663910628174e-02 1.129399197620974682e-01
2.337459611782192193e-01 6.239737105325489086e-01 9.263172703174900047e-01 2.643034909106969366e-01 5.240240826702196042e-01 -6.144331196239163351e-01 -4.670372847901662627e-01 -6.787787687871000841e-01 -7.945509443914773318e-01 2.127483381109987193e-01 -2.913468952742653828e-01 9.779954579773928458e-01
-9.701097311700247749e-02 -2.917823557344109142e-01 2.933838971978208754e-01 6.037847995699190118e-02 2.933768412284282756e-01 6.037935014613338147e-02 -1.084382773584795512e+00 1.780030170264957495e-02 3.833722684879568021e-01 -9.474095129620698774e-01 1.698557915431914839e-02 3.879631544423752798e-01
1.020299763627772194e-01 1.786375522778557712e-01 -8.575004434301345541e-03 3.888424231299030809e-01 -9.328107184945842734e-02 -1.027084088477077550e+00 -4.418766502176774136e-01 -2.839505463126390516e-01 3.039169842072206862e-01 5.893396884300447502e-02 -4.418818690035134500e-01 -2.839483283027981475e-01
-1.540920823208662971e-01 -1.868485400057594836e-01 -1.540881641610439834e-01 -1.868446878585127147e-01 -7.880652493790319957e-01 4.043725628384650106e-01 -2.771427064080023150e-01 8.611957015129749760e-01 -5.729464430629109817e-01 3.671038438580055963e-01 5.866907360409371816e-03 -9.958261925768525924e-02
-6.600139190351292928e-01 -1.737777930473931143e+00 -7.984631197523675561e-02 5.468729279758847150e-01 -2.193060941907395145e-01 -3.666392077169070701e-03 8.608590449468048189e-02 -1.555874770142268680e-02 -3.702948491404177422e-02 -3.871533226691836749e-01 8.608964289778783807e-02 -1.555989917029193884e-02
5.302648629148621895e-01 -5.388657169486046894e-02 3.071070729965569845e-01 5.637645903474566289e-01 -6.381070335877563338e-01 -7.032213308144857900e-02 -9.282642890545409475e-01 9.020867971178920808e-01 5.302663592405502113e-01 -5.388908029705274938e-02 3.622329765904033771e-02 -7.168853467691509440e-01
-5.692128033483869615e-02 -1.677398778835791915e-01 8.978815588139919812e-03 -1.273462379547045664e-01 -8.329449666850565759e-01 5.870125254954752236e-01 -2.514146387156857010e-01 8.037964744554624286e-01 -4.514066785524022407e-01 5.091832835775602639e-01 8.968287821569099344e-03 -1.273529020399460365e-01
4.756130957988812316e-03 -1.303263968211914037e+00 2.164780196027713544e-01 7.534306695927951714e-02 4.911621953402825480e-02 1.214048701725392327e-03 -5.375327383478085697e-01 1.955879701298065820e-01 4.911020157667005115e-02 1.210850898365769439e-03 -3.868545368872537693e-03 3.156678022074754786e-01
5.955772161184267333e-01 -1.026526420609336743e+00 7.740200550420981429e-01 8.297930604398731647e-02 -4.211103002874085899e-01 -1.138807518953362241e-01 -4.210972543200958151e-01 -1.139057110800150707e-01 -4.830842730216122760e-01 -2.081198405175236146e-02 1.006627752885623506e-01 7.493690764654843406e-01
-4.565790883806720296e-02 -2.015244040219947297e-01 8.313216285179704512e-03 -1.530351788414998637e-01 -6.939938046097415825e-01 6.401376471304986993e-01 -2.624927126997824711e-01 7.381881197068256295e-01 -5.278348490254985981e-01 2.396127659050648617e-01 8.291710145799569345e-03 -1.530530129275869400e-01
4.262912850109446539e-01 -1.205894125200636324e+00 6.702872267800015216e-01 1.483691849191282053e-01 6.050954879334308895e-02 -1.406065133749442864e-01 6.050845311068180077e-02 -1.406069599169988693e-01 -7.455689038341291042e-01 8.180834866479132911e-03 -7.341078989872219795e-03 6.340462982352437216e-01
-6.315183842634981143e-03 -1.180253462375911777e+00 3.850106403408357636e-01 5.637915495900009955e-01 2.506007453419838334e-03 1.894262408376728435e-01 -2.528697300020086303e-01 1.079448194148343587e-01 1.562633185785073930e-01 -1.066361679722540590e-01 2.510184130794081668e-03 1.894293126829647567e-01
4.350852537168744399e-02 -6.586248876646345618e-01 2.090599255283120766e-04 7.059743992889933040e-01 -6.728535837129587804e-01 -1.032237132270918678e-01 1.539218851645656472e-01 -4.354299923213968138e-02 2.072569719607046668e-02 -3.718858799576267582e-02 1.539538424057427246e-01 -4.354241629617340570e-02
2.550299348177760272e-01 -4.912254990810644983e-01 1.942568823382054277e-01 8.093729332529187026e-01 9.132482648733764030e-01 -1.092669784225616780e+00 -7.621862550566205208e-01 3.218126177490030493e-01 8.693814810585007713e-01 1.033885267557128618e-01 -5.883931344273798381e-01 -7.677430116173773467e-01
1.200901933663980348e-01 2.845843686597278321e-02 4.725940360594043099e-01 8.879120805938249816e-01 4.728116567465978637e-01 -8.462913146347723625e-01 -7.071805750756183784e-01 6.132331232364900409e-01 9.817328179619244644e-01 3.639281004345043535e-02 -7.068405899318137564e-01 -6.219405041036094595e-01
-2.687887027542641260e-04 -9.985983673904325064e-01 1.649532706366262369e-01 4.188735600056218145e-01 2.127105627518394160e-01 3.560747805396366483e-02 -1.131340331333408056e+00 6.099544686132163385e-01 2.127063942438216781e-01 3.560840441918330240e-02 -8.090520307598724620e-03 1.418537564338983844e-03
4.951778949375737482e-02 1.342154990920933488e-01 -6.335392124009316950e-01 -2.844573587128608749e-01 7.696690232207879789e-02 -2.693919981313930290e-02 1.128152946983778993e+00 -9.156961326003416612e-01 5.300323894039333794e-01 -1.544311541907998631e-02 4.951848082218419239e-02 1.342083936155615276e-01
2.451869196548466523e-01 2.836172877788986982e-03 -4.445577626206419497e-01 8.186178607579586153e-01 3.604471367332502396e-01 6.621689854351411886e-02 -8.841815280194966764e-01 -3.650680715920580077e-01 3.604525321618687328e-01 6.621979053369000945e-02 3.618231811568360934e-01 -7.842848747380521957e-01
4.388379326367001232e-01 -8.391919691205231846e-01 9.120178816959723100e-01 5.408834712431807856e-02 -7.696225360429083118e-01 -6.280584983027137636e-01 -1.059484082340194644e-01 7.678724756648246282e-03 -7.475481748944579063e-01 6.857128256680857792e-01 4.376304291408791292e-01 8.383067599769037370e-01
8.297772156100233776e-01 -5.833489556072024573e-01 -3.797685156060918166e-01 -7.697577775033143110e-01 4.213612791060334373e-01 1.493315878585171341e-01 -9.500323248924533726e-01 7.533541280278563401e-02 8.146846467643018563e-01 9.633038518456612520e-01 -3.675290280845686652e-01 7.114721709016480489e-01
-2.364894634631933140e-02 9.711440522874748016e-01 -6.267885469415765964e-01 -7.167803391798810431e-01 -8.481477985240004625e-02 1.454460442513037244e-01 6.034218668122031115e-01 -6.853558629499982846e-01 8.456743427457268369e-01 4.757256339893966013e-01 -8.977609226414409171e-01 4.776591959049861225e-01
9.559452063759552587e-01 -3.326993829445380746e-02 4.809400155145306943e-01 -8.649959707873213777e-01 6.469319887359886723e-02 2.172161758930297309e-02 -7.140801079874088408e-01 -6.314425861481396396e-01 -7.295023462052054875e-01 6.392945788667900864e-01 4.871686846961054140e-01 8.590077865788076084e-01
7.651039116092008818e-01 -3.306077031138821010e-01 -7.060120994308177744e-02 -8.391685606055379054e-01 9.603476114682717862e-03 5.306889217280197357e-01 -8.201371387784455180e-01 -1.513278012106865633e-01 7.488684111095893492e-01 7.080590288529666765e-01 -5.298916075750850219e-01 9.043371138942100096e-01
-8.629750366529140293e-02 1.099387040216232708e-01 8.433713071623993862e-01 3.704947403534109007e-01 -8.629694065226294064e-02 1.099370875750534660e-01 -7.107606839160793832e-01 2.460303816033030701e-03 2.998379585084461896e-01 -9.354027741223538417e-01 -1.265415900074086109e-01 3.406884225648343367e-01
-8.816415760914004807e-01 -3.922595518925935283e-04 7.295775858506664546e-01 -4.299372261730469852e-02 -1.504785144076196957e-01 2.445277119246233033e-01 -2.157413496189474200e-01 5.646758391510518435e-03 8.879751495065177358e-02 -9.509145601393665936e-01 -1.504776235130013962e-01 2.445314739485955347e-01
-8.946697064765023188e-03 -2.048944112872106427e-01 1.311128335325110507e-02 -1.881226076858619756e-01 -7.246597072309279852e-01 6.200036512610725969e-01 -2.421375958398421235e-01 7.552371079621611472e-01 -6.670876381840946667e-01 1.599622463562689889e-01 1.310054168109803935e-02 -1.881303148634763667e-01
8.876692315092409302e-01 -1.911210110300860521e-01 3.148918689409999638e-01 -8.632811015806605148e-01 -1.763734234643433152e-01 4.639160377070111752e-02 -8.152249842984198303e-01 -6.376777326990785699e-01 -7.571539171593157924e-01 7.267608640208909065e-01 5.324685435280431811e-01 7.953808060266582824e-01
-4.084704306465074541e-01 7.407450418827650207e-01 -8.008594523719498870e-01 -2.144877524141485803e-01 4.549256708690425643e-01 -2.376177082331769608e-01 -7.561857526247262040e-02 -8.616725945592997871e-01 6.828057842124295451e-01 6.035301811076361211e-01 1.011501511453319679e+00 -6.155009706517080570e-01
6.537903825496085841e-02 6.785941005161659767e-01 1.345134045142179602e+00 4.355471665245050916e-01 7.804356931836204936e-01 1.559066436447620885e-01 -7.907008197955316398e-01 1.719032767444989007e-02 8.240650827135917456e-02 -7.754329124696062170e-01 6.537876709968711009e-02 6.785944779051814590e-01
2.493632339074367543e-01 -3.900311990692673092e-02 7.742578016030172705e-01 8.561752832600131313e-01 7.631463429783380548e-01 -3.606837834276301891e-01 -9.530586998289112266e-01 7.585824766132474861e-03 -2.810968921445886615e-01 -8.555144838812238639e-01 -2.657681955693431686e-01 6.674167422507482073e-01
5.936211374946737118e-01 8.995059723734157020e-02 9.555994756555685754e-02 7.773114114150168064e-01 -4.443372431893048702e-02 -7.914224314900280000e-01 -8.281744062412162988e-01 6.376777479507488022e-02 5.936214203938701139e-01 8.995049117639764003e-02 -9.586258739559418152e-02 1.625618769608502823e-01
4.709123381105892459e-03 -8.621089764398969235e-01 9.115734625071889030e-02 1.646322860856634651e-02 9.115512552188510809e-02 1.646277091945824722e-02 -2.898105546250004938e-01 8.935290961052071435e-01 1.335152435652504910e-01 -2.690613563603803104e-01 -1.746030347710983682e-03 8.958443353095525002e-05
-5.461474395193128828e-01 -1.154860313321723897e+00 -8.784833313627835039e-02 5.492005587572891256e-01 -6.213138677147507227e-01 -1.158863526685103770e-02 9.231320849934493422e-02 -5.100032734868685871e-03 -5.313447579548224997e-02 -6.173402751595673532e-01 9.231381163170106208e-02 -5.100115241684192308e-03
8.889403882975397408e-01 -9.760565520267572293e-02 3.460623476662511022e-01 -8.420171860844556377e-01 -9.348119661431875116e-02 2.192951396239207207e-01 -7.250487469352264736e-01 -5.961266049978124482e-01 -8.333515569645633114e-01 6.863644042438707960e-01 4.568634273183145300e-01 8.755135063333414625e-01
8.546608048761354937e-01 -3.830820125060114822e-01 1.763371814843166518e-01 -9.164275631105280873e-01 -2.641208402016879120e-01 -4.813729023673526952e-02 -8.879930690862432030e-01 -6.731891958532130182e-01 -7.595862574866520944e-01 7.629663174120939750e-01 5.300768564282476447e-01 7.262612572958695445e-01
3.560398807776169461e-01 7.259554335010084958e-02 -1.711926362819358727e-01 6.313171726873864076e-01 5.742897556485142552e-01 -8.883898825087124251e-01 -8.573453446066350292e-01 -4.970141607179441312e-01 3.560393291581013253e-01 7.259511693218401174e-02 4.428523261495871666e-02 -1.556295163422968808e-01
8.132424404323683742e-01 -5.325974892227647306e-01 -2.735894073076011734e-01 -8.233341972488510407e-01 3.073507127424413010e-01 2.672754658044687592e-01 -8.656797470435773079e-01 -1.508008088407394309e-01 8.618462361873082678e-01 8.772487975763672008e-01 -5.113099085257875043e-01 8.143837638469439977e-01
6.824212845581199005e-01 -7.728499168723907964e-01 -7.624190090446860690e-01 -8.646930432029586999e-01 -1.363602214346106289e-01 -2.620594860119114244e-01 -8.529296494129330330e-01 4.292654526743271415e-01 7.880664299844333254e-01 4.494045204087396828e-01 -7.900005522255551527e-02 8.974614270279683836e-01
7.722387540574722209e-01 -8.116816005834590619e-01 8.361811045569708112e-01 5.678934781443957247e-01 1.857095787744729443e-01 -1.788727550472994920e-01 -6.163991409505970021e-01 -7.860435425051910396e-01 -8.477694984288135505e-01 3.494514213891296572e-01 -1.694992674143658562e-01 8.710549908583353762e-01
-1.034041606200589991e-01 -8.825032766429719011e-01 -8.449058566084872712e-01 -4.331926833187629278e-01 8.514989026565726871e-01 -5.490937123426518074e-01 -8.088270696692032580e-01 8.931986977261381355e-01 -1.121129324375060299e-01 1.582844213692056190e-01 6.302285479883955599e-01 7.299796933702262791e-01
-6.354105513711068021e-01 2.368200724247589151e-02 5.497156388551002748e-02 -8.123352226932457620e-01 8.293464209776884033e-01 -9.396509623605723421e-03 -5.553506627981401600e-01 1.011713842789708995e+00 -6.354106681185540673e-01 2.368171219123299531e-02 -7.699524037628677209e-02 6.360499282986372682e-01
-4.160138683258686743e-01 -8.674439314879978102e-01 7.665730781071867783e-01 -6.680690771834767450e-01 -5.974200327778431685e-01 8.542710616347430896e-01 7.398440832342931817e-01 6.902812903264496924e-01 -9.165841739531210841e-01 -1.954574631593270495e-01 3.222201849584608452e-03 7.093621564793221868e-02
5.285521409235702794e-01 7.993683876565573776e-01 -2.069578675934249847e-03 -8.604993985928349742e-01 8.265224066507277367e-01 -3.102456140034531851e-01 -2.930522675570497171e-01 1.525632017895077186e-01 -8.763171254988459946e-01 -6.670364726107622655e-01 -8.348665793089915521e-01 7.808696916729054305e-01
7.497870587727462066e-01 -8.040802476438817514e-01 -7.418500877086700029e-01 -8.514034801492984528e-01 -3.986813383466084049e-02 -3.009264225518550884e-01 -8.378179256891722382e-01 3.854982032971934203e-01 7.815760349765432657e-01 4.762621933645831973e-01 -1.341496587786217276e-01 9.022559952361492996e-01
5.954770367911494944e-01 -5.330182194497274928e-01 8.700385150023319802e-01 4.843036784345539081e-01 -2.908840790590212499e-01 -9.188317790753319780e-01 -6.887566016107089517e-01 -1.820712907918007328e-01 -9.692841372060816418e-01 7.097769206550728072e-01 -2.674135009686016973e-02 7.548040799274640111e-01
7.532214501942489093e-01 -7.249830912873314048e-01 8.252203208291456482e-01 6.657725561673203396e-01 -5.686900269783389250e-01 -7.484701032861453829e-01 1.639641813279364979e-01 4.574752998599090903e-02 -8.916800486926086400e-01 3.512475543603025274e-01 -3.723241074474226142e-01 8.747654385339651562e-01
1.672473934609912116e-01 9.210075262007312302e-01 -8.273368736991979500e-01 5.006081021190911251e-01 1.566656993789881103e-01 1.322288662021806407e-02 -6.127064036425945437e-01 -7.622653701636030732e-01 9.245076802931524451e-01 5.830456002268521454e-01 7.400191704860241693e-01 -7.136068609156691611e-01
6.729121547847360940e-01 8.234174165633193487e-01 1.664883935119522707e-01 -8.942325824275171309e-01 8.884893927183998841e-01 -3.645450977415742866e-01 5.381261854336841233e-02 1.512688665806753430e-01 -8.139186009813947908e-01 -4.980888203097953992e-01 -6.989045513862807146e-01 7.702600933863847921e-01
8.234047136894183661e-01 -6.168830365302103713e-01 -2.775548247912833499e-01 -8.744584060325009123e-01 1.640409787464165159e-01 1.397101141827505888e-01 -8.786983450253680328e-01 -2.550837514388587524e-01 7.905750494349099711e-01 7.845452435609356900e-01 -5.951269990529630682e-01 8.203405069782956360e-01
4.908372319054008504e-01 -8.685727672820107159e-01 8.613821449346559245e-01 2.427451396446432819e-01 -8.605221472167419172e-01 -6.427850374016750301e-01 -1.393942430761377360e-01 -2.008595505788107749e-01 -7.200726301431816800e-01 6.919671744943227676e-01 3.787655484071371648e-01 8.647507471798896450e-01
-8.279891999554173099e-02 3.086257870291254923e-02 8.756529952487921431e-01 8.459887054703063569e-02 2.116253194208135568e-02 4.115884747275374567e-01 -7.843404715992872145e-01 1.501998761327166636e-02 2.343609864539728527e-01 -8.469594361391803439e-01 2.116261703561189006e-02 4.115888459913032427e-01
-6.740147581569035928e-01 7.607808119545578229e-01 2.709203370483808104e-01 -8.446248243537231026e-01 9.033944209656663560e-01 -2.851377124062899615e-02 6.559487347743084840e-01 9.189800518726141121e-01 -7.882098014920972950e-01 -4.674243435776870292e-01 1.256250140274390859e-01 2.589453261250402871e-01
6.905171192287147264e-01 -7.746376991881813723e-01 8.661031032379717942e-01 4.594426906980768610e-01 -6.974183969125635763e-01 -8.308832115521189721e-01 -7.182901516645423534e-02 -1.207309748470073996e-01 -8.590822705294902661e-01 4.064076116787924686e-01 5.475841062657682556e-02 8.989154777965033816e-01
7.094433318926786081e-01 -5.666558346822758718e-01 9.135794170563866778e-01 6.206244103440783366e-01 -3.973603688694686831e-01 -7.938725069223311337e-01 2.280992502368130448e-01 4.179298280582554037e-01 -8.573812520440156071e-01 1.363493261231203957e-01 -3.303475986903926520e-01 9.295244504624405879e-01
8.609700346430286810e-01 -4.142064565292494227e-02 -8.019784157535151392e-01 -5.735470522565624396e-01 -2.530328269545734088e-01 3.006344186613728597e-01 -8.619732982036203417e-01 8.121955427109883718e-01 5.112373558726656109e-01 8.822070012124942906e-01 2.896991524977450827e-01 -8.375994247175190255e-01
-7.360949537871395165e-01 7.125470840633996161e-01 4.109734704914951298e-01 -8.602816548421192699e-01 9.160056267066565283e-01 7.274937724266881262e-03 5.556254372716966650e-01 8.947301859447174266e-01 -7.731851455910163651e-01 -6.101268535108639313e-01 6.216815808193731918e-02 1.170249097329207344e-01
-2.417163719820666357e-01 1.518285147278235492e-01 4.919106203575273062e-01 8.578175127596214811e-01 3.387834481713787871e-01 -8.491852212463635308e-01 -8.302173309629974352e-01 -6.470039216744229993e-01 8.831070657507333888e-01 -6.158224523329368372e-02 -8.451505130784029429e-01 7.981146056265961963e-01
4.260898934911534486e-01 -8.721895050382462156e-01 5.251659789813718504e-01 8.681464816564515852e-01 -8.085021470638578123e-01 -6.613180963084994701e-01 -7.612513089419230550e-01 7.092633792447602392e-01 9.102928532936538364e-01 2.865844851336362721e-03 -4.261820872192720322e-02 2.595185636422158316e-05
6.876876110293559385e-01 -8.497052640809035218e-01 -7.564085173886909708e-01 -8.026737063949660467e-01 -2.986463242773809701e-02 -2.356709547630377877e-01 -8.307371883054059936e-01 5.159838900713296095e-01 8.769597770272516968e-01 3.639531312528041518e-01 2.090031032513381959e-01 8.988950838469378368e-01
6.371995380047967839e-01 -8.582544299673438015e-01 -7.505887792359522415e-01 -7.762762385876582627e-01 -4.497517452138259653e-02 -1.233784110472331552e-01 -8.230189655582185182e-01 6.079155491998400329e-01 9.001749569365078418e-01 2.140141879512496015e-01 3.250560123818350133e-01 8.849446128130831202e-01
8.621696052306329072e-01 -3.807980314440205794e-01 -8.557766188743984870e-01 -5.263197445866452107e-01 -1.235604737631288974e-01 2.062617159060218253e-01 -7.740024686772766227e-01 8.283627478172330694e-01 6.746151428935591721e-01 8.259991864542699513e-01 1.052721064512675553e-01 -8.981762574051643799e-01
8.124703497271474895e-01 -6.892678681223491921e-01 2.241815408172020962e-01 1.483400646027280834e-01 -4.538726340829639661e-01 -8.313933730114793086e-01 -4.823948663978068208e-01 8.809313178644000430e-01 -8.984868794429585748e-01 6.434412760019869726e-02 8.564110479645199447e-01 7.765369288613830356e-01
4.269454174013869729e-01 -8.283626879694996337e-01 8.988784965803551241e-01 3.276525522104958149e-02 -8.752594159043269872e-01 -7.915414861652145806e-01 -3.124835876545638547e-01 4.646457991162519785e-04 -8.598045804347298482e-01 6.720586245929970337e-01 4.160101801495654783e-01 8.610464154813652904e-01
-1.340305826483461082e-01 -1.604055092394053306e-01 -7.412868625169823922e-01 -8.269508421100317808e-01 6.872398641440196077e-01 -8.203834719815188414e-01 -8.719624003163721770e-01 4.953485218227234865e-01 8.553945722056173206e-01 4.016781038277866811e-01 3.394409524479902185e-02 8.995971114310001848e-01
-8.150650028591716056e-01 8.753418546648048526e-01 3.112449836872552833e-01 -8.534241417131217533e-01 8.790849121975158331e-01 2.181294941302858864e-02 3.186514513085195177e-01 7.786010309108567506e-01 -9.374387049849557396e-01 -4.208554899284044359e-01 -5.175506436177572667e-01 -1.100736579318114250e-01
8.738433095389743777e-01 -4.648814807772043145e-01 -8.848314357691826615e-01 -5.256033698488273842e-01 -5.899899976330665041e-02 7.210652920773677477e-02 -7.290038185312676111e-01 8.106789617851484220e-01 6.868588935977240073e-01 8.086716845368333573e-01 1.047676573090223356e-02 -9.127610976143997190e-01
5.778434185230538755e-01 -7.918423635774460845e-01 9.061856287723641934e-01 3.607835928342140175e-01 -7.533124356154128343e-01 -7.300170214346861641e-01 -1.309259984088555484e-01 1.872589416206925650e-01 -8.852637558188813927e-01 6.356639924468576730e-01 3.325617979893382703e-01 9.264015700699625988e-01
5.722450563003556034e-01 9.117574674393311707e-01 2.837182291343580687e-01 -6.482534287879397894e-01 8.878203039396779239e-01 8.829028828915449351e-03 -6.632517605455608978e-01 -9.156608763971179066e-01 -9.032525683548380258e-01 2.634000607233050878e-02 -3.832943717714651921e-01 6.268360980086837841e-01
5.858069099214731068e-01 -8.775939840558940608e-01 8.648720523018137429e-01 2.796598904762049864e-01 -7.668825791475102349e-01 -7.340842915090706189e-01 -8.045343851545462555e-02 -1.221950544721974452e-01 -8.921277115587193940e-01 6.418006428985398859e-01 2.516092420137495261e-02 8.925393608599803130e-01
5.503462396115845756e-01 8.587229543592740377e-01 5.192813087191439081e-02 -9.049146590356413888e-01 8.783528877602857499e-01 -3.374308169391526668e-01 -8.509217312734653760e-01 7.450870005835321663e-01 -1.478138220796276769e-01 1.080941880184393966e-01 -8.696796908427288919e-01 -6.106662599822456627e-01
5.938744593692533158e-01 -8.501224363069512791e-01 2.541612140646561935e-01 8.757173929450852157e-01 -8.456847952894750442e-01 -8.635535186684757392e-01 -8.939100864458529028e-01 6.568323955380064305e-01 8.879504786721921228e-01 2.044618459436841063e-01 -3.221941528642275898e-01 -1.678654098252916893e-01
8.871866460843063074e-01 -2.332623940366183590e-01 -8.973909098001622286e-01 -6.258784365404427286e-01 -3.111052241715703270e-01 1.477598237251037949e-01 -8.463618454043482231e-01 8.632173679153931634e-01 5.686381234848882915e-01 8.452953996858311170e-01 2.054123270514848221e-01 -8.879109704466487951e-01
5.641098617015731786e-01 -5.475734414804532824e-01 -4.547073660716438037e-01 4.805804002193856950e-01 -4.639868439517507159e-01 -9.074692962785678718e-01 9.232159288000582054e-01 4.396349688632486541e-01 -9.302877799661657399e-01 -9.087865381021303923e-02 2.486191220189478135e-01 9.289841605978087502e-01
-4.896504116525419725e-01 8.863704762946453819e-01 -5.073854533297095237e-02 -9.274190215858176822e-01 9.237596663299953992e-01 -6.240970076038179215e-01 7.327036447352164306e-01 6.366865231857192775e-01 -1.136804229191465659e-03 -2.577208501300074506e-01 -8.977640706277758564e-01 -1.085413763983827384e-01
5.557576244251287712e-01 -8.814702505618412509e-01 9.045698702916840084e-01 -3.904744540779593598e-02 -7.992962583629783513e-01 -9.183803687192729770e-01 -2.802712029791020742e-01 -2.193240081444285394e-01 -9.163449007651081057e-01 2.873030477670849292e-01 1.987109636040959582e-01 8.573243905489311700e-01
6.609224190353806261e-01 8.898247857951420148e-01 1.130494021918136832e-01 -8.580031313430500628e-01 9.189265168173395004e-01 -1.340723605995013459e-02 -6.951997973586613311e-01 9.204107267671570725e-01 -8.990402348916377573e-01 -1.032911042581200756e-01 -4.650184827458907211e-02 2.621275813330274929e-01
