5.801063008221092332e-01 8.223037393329368783e-02 -5.626674766690875629e-02 6.003536336941848184e-01 4.029230255931132154e-01 6.571740101012919499e-01 -6.428595062880333444e-01 1.361127223399801467e-01 5.545713272072265720e-01 1.377773567848868397e-01 2.488755127926863819e-01 -4.354484495034519620e-01 5.166338937377778617e-04 4.582122955896896777e-01
-2.464976679717299501e-01 -5.848574093102608673e-01 1.403847699565079488e-01 4.263458539570761374e-01 -3.278014559200234657e-02 5.987971688314844831e-01 1.804025328314539933e-01 -1.052689873962898037e+00 -1.419035695876739722e-01 4.270349683886850434e-01 6.049893666743416665e-01 -7.931775422229378480e-02 -1.929022021605568404e-01 4.166198667950549162e-01
3.889795890287580660e-01 -3.522519794521196124e-01 3.577206414967328829e-01 -9.246809091029438432e-02 -2.490649078148885476e-01 -1.344141791285877185e-01 5.452202340168412764e-01 -6.936340599154062758e-01 -5.452041963314715467e-01 -4.294172868664425380e-01 3.554137080083235589e-01 -1.398823062683229312e-01 -3.249607266169520781e-01 -3.861460591837366230e-01
-7.480509036015876578e-01 1.520237783414401522e-01 1.002070957528645501e+00 2.728317386345235351e-01 -3.710001600240412367e-01 -2.891375757739940155e-01 -5.161159164420254797e-01 -7.916157215861090446e-01 4.036092773099871356e-01 -5.494533146926681155e-01 6.971853645757139506e-02 8.427468143653378263e-01 2.978671197406627252e-02 1.291267844671426523e-01
-9.840365134813811032e-01 2.192737704170077961e-01 8.860914560670853923e-01 5.607201723073631516e-01 -2.199056771272500099e-01 -8.703678049703320041e-02 -6.463878197725282382e-01 -9.452212080981841069e-01 5.521962722863167361e-01 -5.541883924814328122e-01 -1.443375824054284884e-01 7.921646293352314627e-01 3.089471877946845663e-02 1.549871034787364023e-02
1.177376510515095176e-01 7.371109531969497475e-01 -6.482535592532864266e-01 -1.373020476131733558e-01 8.061510091711163728e-01 -1.325916765967234123e-01 -4.642920726623947503e-02 3.623637306933129576e-01 7.304251400778887238e-01 -4.153746507052440418e-01 -2.817923854525093974e-01 -6.523162991891064966e-01 -6.486965966944645556e-01 -1.364724420146046779e-01
-8.487264887727035134e-01 2.019962632417827419e-01 8.675105324843984667e-01 6.537061888871329440e-01 -4.200366145487616221e-01 -2.570252146485515476e-01 -4.831953308331952135e-01 -6.310572454600800185e-01 6.813591107046661488e-01 -6.189034064760585707e-01 -2.953876839555107381e-01 1.048853107801769546e+00 -9.774279361822537510e-03 1.454753747665878671e-01
-1.633657889170492816e-01 -7.400753090061349404e-01 4.418209215261099942e-03 5.540901217498732656e-01 4.272545539558791731e-03 5.541176798590550234e-01 7.936199052246792895e-01 -4.176085073530610980e-02 8.517948370377042000e-01 -3.727648281201226821e-01 -7.432582028996153056e-01 1.821771216469312282e-01 -1.075573081803720132e+00 1.072180921565208112e-01
5.290790675645753449e-01 9.128998794176674814e-01 1.635684457208242404e-01 -1.029380442796341000e-01 -3.486786864553120813e-02 4.884489673147233146e-01 -8.074618042292880382e-01 6.437932450672503304e-01 4.830471903849724580e-01 -9.259949666987170591e-01 -6.403854221632152566e-01 -5.655259455990164774e-01 9.250129855363394826e-01 -3.668209471458290516e-02
-8.746426789658166001e-01 2.680508143099912255e-01 7.179811813987855285e-01 4.716576649634901530e-01 -3.149909083157624856e-01 -8.652980793085976452e-02 -7.441904208793207465e-01 -9.409691094227332631e-01 7.907695992254373252e-01 -7.632164985323177664e-01 -2.278208997777712019e-01 9.016829540599471393e-01 2.820798397512854633e-02 -4.307094329653294307e-01
8.467522764936534774e-01 1.346458331354938864e-01 -3.501871390184885247e-02 8.688271206099955624e-01 8.466943597566378710e-01 1.347125725986594025e-01 -7.566801145740380541e-01 1.356373861601928854e-01 1.016369794334413434e+00 -1.133003518587691050e-01 -1.030023660919203721e-01 -7.772470941738913730e-01 7.587032212017666508e-04 3.257303398679449735e-01
-8.057973626799173061e-01 4.061329202553102258e-01 8.709291407164345689e-01 5.089771651024461718e-01 -1.471900250967986268e-01 2.449961236856731950e-01 -6.083829230058326321e-01 -7.424667303424217213e-01 6.819025850433366731e-01 -7.506849343798716045e-01 -5.430072519514253515e-02 9.045748487228617574e-01 4.070620106497949142e-02 2.611728451712754667e-02
-2.707799314026256288e-01 -6.413927074217951052e-01 -5.197573742715586587e-01 4.073810177938066435e-01 -6.703711140976568311e-03 7.785268906510636189e-01 4.361109817880471917e-01 -9.837774072663464375e-01 -7.291532065794152917e-01 2.299757566276428300e-01 8.046757332949572294e-01 1.190251772237827747e-04 -7.291938368101796852e-01 2.299996418098544659e-01
5.696036820770691289e-01 7.678057353865672674e-01 -8.238092862201500388e-01 -5.540346206745345725e-01 9.062220686030366679e-01 -2.765015976639940698e-01 -7.106846745081192296e-01 7.189920647731771197e-01 2.929936215066608618e-02 -8.988517027619855604e-01 -7.279577196712327947e-02 3.945629253613398835e-02 4.881272546909560806e-01 -8.553407466632685363e-01
1.775489916325032891e-01 8.085326213211967428e-01 -5.530349691002225399e-01 -2.181367777327069823e-01 8.043711033916075559e-01 -1.693219657622988539e-01 -5.329833340829676080e-02 1.955180454997522688e-01 7.392356104304560471e-01 -7.290247849854931683e-01 -4.067526905628814360e-01 -4.600232867303841178e-01 -5.530872849150977322e-01 -2.180879662223055848e-01
-8.147612224368099287e-01 5.440690939433321383e-01 8.600815270025774506e-01 3.088014090050237304e-01 -4.249831714433782159e-01 -1.219543849351861914e-01 -7.482950478470780098e-01 -7.921747225829456340e-01 5.993588684243623677e-01 -7.902352058182690042e-01 1.763051471253840596e-01 8.822697852224734572e-01 -7.209551820167459102e-02 -1.752341961818105753e-01
-2.207922141912354030e-01 -6.975143704509669806e-01 -3.339366223133593548e-01 3.014652690363993637e-01 -2.240559785034740986e-02 7.890347015079954840e-01 4.512063009551555703e-01 -9.244563574554409691e-01 -5.751155387797926011e-01 2.095398795840452411e-01 7.924818442435510590e-01 2.010824410713987764e-02 -5.751189469885077399e-01 2.095298189735252670e-01
-8.602844574547732215e-01 3.481762478247478754e-01 7.794091484282102966e-01 4.837602386582833813e-01 -6.637353527902178918e-01 4.332906645085636554e-02 -6.639295142805430316e-01 -8.194451081988605168e-01 6.918436440851274405e-01 -7.457849504455811296e-01 -1.411521096415301324e-01 9.110466066000275642e-01 -4.210858754298163475e-02 -1.803936266474054362e-01
1.821512058416092650e-01 8.767495209974386361e-01 -5.447053513296999938e-01 -1.449958242559671318e-01 2.258817462269637477e-01 -1.073415588159072620e-01 -2.870458663108000491e-02 -8.287478619424136772e-01 8.474277677586334878e-01 -1.237506571220117896e-01 -2.613327629200780655e-01 -6.316868639593689050e-01 -5.447906428186335415e-01 -1.448750452588661031e-01
1.082288728203616591e-03 3.121437744175256657e-02 -1.628596480032337146e-01 6.299589620207991514e-01 -2.550120977080995444e-02 1.062386284258999947e+00 -8.040558931841588208e-01 -1.451357206167080971e-01 8.034029320998408163e-01 1.668111402538419163e-01 1.532095714049983015e-01 -7.630043829246830889e-01 1.091355160363702368e-03 3.118687493795002999e-02
7.632110435312471353e-01 4.436118819459378138e-02 5.318977514954292829e-01 -3.365992155835069166e-01 5.318407411489731729e-01 -3.366784725717641980e-01 -3.385751616139138775e-01 -1.125094115167676767e+00 -1.542302366951748757e-02 8.387697859018470314e-01 -7.251877266213815343e-01 -9.854797314171090949e-01 -7.225035995340647332e-01 7.220420332017088438e-02
3.961200797484715208e-01 8.225808236446764399e-01 -5.029381684804816732e-01 -9.906732973881868243e-02 6.480822360426464757e-01 -4.494446822190682062e-02 -1.350900942135771221e-01 9.110435267720284891e-01 9.459564744392177094e-01 -1.023552847907859720e+00 -3.553114544013520337e-01 -4.627191539901129302e-01 -5.029389677784444901e-01 -9.906675984396634549e-02
1.731848057752536363e+00 -2.072285067396403058e+00 -1.007915156764703224e-01 -6.207638186209719910e-02 3.410119969602641750e-03 9.275262039042921902e-01 -8.633539865380071010e-01 4.783995194918535532e-01 6.092867480616905862e-01 -7.227798947533847773e-01 -6.819608944792368010e-01 -7.605123519734362514e-01 8.331501373927701071e-01 4.414995532843580817e-01
1.647334581792886665e-01 7.508646343841915982e-01 -5.786295740261997445e-01 -2.390018871435335701e-01 8.079531647709896625e-01 -2.160129213951074989e-01 -8.254892138201758156e-02 3.758852208018785834e-01 5.113632796791589552e-01 -4.683468906507412544e-01 -4.325311748984299598e-01 -5.034596285585921649e-01 -5.786499748232094564e-01 -2.389621935389369678e-01
8.809371417288611728e-01 -8.527842543773758166e-01 -1.135041880255416163e-01 -1.323128645530806391e-01 -1.427278381472821267e-01 9.182383733959930128e-01 -8.515212497076081188e-01 3.589590348194843239e-01 3.633590720045271061e-01 -5.646273734978692893e-01 -6.892745779091324909e-01 -8.266770853616680625e-01 7.682493211870955463e-01 4.735178743080363239e-01
-9.625419712130331984e-01 1.154629855884224399e-01 6.029085286700908153e-01 7.600171222720322195e-01 5.659492780899413322e-01 -6.853311688592724771e-01 -5.797134316673752119e-01 -7.687419812104672179e-01 9.964000465256046546e-01 4.411377595115235223e-02 -6.018605960362284346e-01 8.966970099655985349e-01 -9.108372615089205260e-02 1.523031446320651239e-01
-9.176056213481729174e-01 4.594146320914305193e-02 7.028952843284204111e-01 6.350391142305482628e-01 4.435406167162694313e-01 -6.561624946666546609e-01 -5.655206518458060216e-01 -8.632371243421155249e-01 9.606423426953512035e-01 -6.148195630810260326e-01 -4.913744902144758786e-01 8.735274890393802671e-01 -2.642496605211928223e-02 1.568290418846515072e-02
-9.032323976441496427e-01 2.117177705651672459e-02 7.174555148601866605e-01 6.219703619363270430e-01 2.385250934013861679e-01 -5.561143603553810877e-01 -5.516260492473987753e-01 -8.819537905308423298e-01 8.450865319157703226e-01 -6.542854858691233844e-01 -4.648845449150147413e-01 8.668632820006512141e-01 -1.206627625154552824e-02 5.912852695259029900e-02
-8.554221491807396660e-01 -2.568830897997558677e-02 8.817914591370681343e-01 7.378543207883572208e-01 4.203985150278845007e-01 -1.605568563849645858e-01 -3.981200875693506891e-01 -8.159756658430508125e-01 8.495651743065351091e-01 -7.737128122559497889e-01 -6.374920796801069045e-01 9.197256963085949089e-01 -2.557021602279097028e-02 5.863952588990479775e-01
1.441028943478634555e-02 7.998742013171289411e-01 -5.451307866955310555e-01 -2.277567528100421790e-01 4.216652687270853184e-01 -2.272641976148314091e-01 -9.230652688654575333e-02 -1.461034674687782808e-01 9.162952591076232167e-01 5.375914157729232840e-02 -2.801618133840079183e-01 -6.206714334371092878e-01 -5.451337618903784321e-01 -2.277544591194922974e-01
-9.294214048150633012e-01 9.322791870156832417e-02 7.118416048347606662e-01 7.396807395562650100e-01 2.255030164549258753e-01 -8.904647955166886675e-01 -6.763808344319302002e-01 -6.554119067463837212e-01 8.719412946302793621e-01 -4.310807034497807777e-01 -5.548582401280546250e-01 8.396036305027454461e-01 4.960640165585650241e-02 1.207665236268175013e-01
2.207823861710312308e+00 1.801553554857033168e+00 6.108715746574246985e-01 -9.130561662399073741e-01 1.538843136689272140e-01 8.461050931668663289e-01 -7.557909940190545850e-01 4.515285390463453785e-01 4.543279107086415913e-01 -1.171304086146656986e-01 -5.568458697863256646e-01 -6.343241548969663635e-01 1.041855661373814357e+00 4.509497361571642715e-01
-9.256886965961279579e-01 1.175115258486255643e-01 7.300577752944976684e-01 6.664109842795680194e-01 -3.700897131419532415e-02 -9.510397875840279625e-01 -6.933029894422386707e-01 -7.091032952417126722e-01 7.861814325011773352e-01 -5.802777062489405946e-01 -4.606869280904337671e-01 8.554078926198152022e-01 2.059025145331452866e-02 6.872839333774789436e-03
6.113534078914111269e-01 -3.493592651653377734e-01 -1.424725699647766963e-01 5.668451484249774630e-01 7.521851928775532548e-01 6.932417330764699681e-01 -8.639037585733571056e-01 -3.278487864479774916e-01 -1.424664144069101024e-01 5.668394017214887226e-01 -7.733145474399642783e-02 -9.985865327680165660e-01 2.914213989001551795e-03 1.870351108723874722e-01
7.872315217766108209e-01 2.680644433269807614e-01 -8.847647434259957588e-01 1.069261168039109255e-01 4.116130457500564166e-01 -9.223097122416938909e-01 -8.876987769164344788e-02 8.898174834448551174e-01 -1.210380168793262212e-01 -8.644994514208662606e-01 1.207776428243237127e-03 1.316317562871938823e-02 4.116155118798111578e-01 -9.223083939181360158e-01
-2.419171670324116175e-01 -8.722717360798061259e-01 -3.623938212777119139e-01 8.309590052662355619e-01 8.044190633662005041e-01 6.384489845342218306e-01 -8.849655948301923813e-02 3.248955237779861394e-01 7.035632639398643473e-01 -4.163336927128573617e-01 -6.742690558474384588e-01 2.302323646768643095e-01 -6.742699895653445630e-01 2.302312103564890799e-01
6.147785991943348627e-01 1.514847049303391091e-01 6.943809650852215964e-02 9.343746617775392505e-01 3.631895345397848640e-01 5.316606269113250960e-01 -8.483924295050977449e-01 -1.411859168695897560e-01 3.631849561603781584e-01 5.316637587741289694e-01 8.326819885884140238e-02 -8.187670754120522920e-01 1.111650291425533062e-03 5.650646612027714344e-01
-2.318626672308919945e-01 -6.602059875707071424e-01 -6.008397081910861193e-01 1.147782046521827470e-01 1.596858866956405582e-02 3.522551363887915787e-01 3.606615064379096181e-01 -9.438304638348242737e-01 1.032719640345647893e-01 8.474488636954766729e-01 8.226371843012543206e-01 -4.588330242507802914e-02 -6.008396700591973616e-01 1.147774802574603459e-01
4.346976037485432709e-01 7.789820874249109295e-01 -7.908129083145409854e-01 -7.095772445073619261e-01 9.454978247230529931e-01 -4.634322670256003918e-02 -1.878141887247423703e-01 1.974585862206070241e-01 4.438317101442798007e-01 -8.054992894100663214e-01 -1.878153142760929373e-01 1.974637319919455292e-01 -7.656711658909975959e-01 7.030143620186282138e-01
-8.854290028295492831e-01 1.751841329303047701e-01 7.941140860809303703e-01 6.148204822202352204e-01 2.444434206542349663e-01 -2.552945214711404009e-01 -5.459474915066042655e-01 -8.118425785409542073e-01 8.104434526646961956e-01 -7.683954258075815780e-01 -3.396508026614195597e-01 8.772922885147291794e-01 2.655873116467626083e-02 1.885377849637721592e-01
1.007398346997514516e-01 5.241958350028711605e-02 8.320993962232947627e-02 -9.899380424659494082e-01 8.165342530704980950e-01 -5.644195899103312541e-01 -5.331035712070552046e-01 8.206460797527026507e-01 7.229586226703129670e-01 7.247787324996906033e-01 -5.618379446695491719e-01 -7.325756328016943542e-01 -9.321525577569813592e-01 3.358410628076877440e-03
-8.816846489275240728e-01 2.188301174972819840e-01 7.969181589094582741e-01 5.981726801740057109e-01 2.509482748633435900e-01 -2.751621944714399692e-01 -5.674984998284238191e-01 -8.064805158054688672e-01 8.083196364491262997e-01 -7.837961697340054545e-01 -3.010930400164002485e-01 8.833240359154852506e-01 2.059410188478486524e-03 1.303851170949033578e-01
-2.414623543857833399e-01 -3.780459660750613571e-01 -5.202524028332276840e-02 6.374289641359907055e-01 4.267470967848208466e-03 1.290502581042946684e+00 1.521712918365129286e-01 -9.540635903051146727e-01 -2.466685629390988344e-01 5.880404031096702067e-01 8.965806901354205216e-01 -5.697166107402988622e-02 -2.466723879027574173e-01 5.880392082836941592e-01
-9.236267448683805892e-01 4.023092469608295918e-01 9.488946310603630918e-01 5.148279196781435640e-02 -5.225505415121105557e-01 8.738451438155583340e-01 -6.646267534766887586e-01 -6.969993427652720897e-01 5.513858088200738194e-01 -7.892296513540373315e-01 5.937758065024574261e-01 8.190914023164588276e-01 -1.894979435066231413e-02 8.712557770036451210e-02
-8.957090372809894951e-01 6.166911269102529070e-02 7.703827563562244407e-01 6.202613200519819792e-01 -9.851857958941216964e-01 5.121508422077152289e-01 -5.328655344933181937e-01 -8.231964648574896515e-01 7.225212156271032526e-01 -6.831678238102893985e-01 -3.814684642778494172e-01 8.796732202343733320e-01 3.989366233378546789e-02 -4.477341307030122813e-03
-1.063138367475276347e+00 5.111027582078583181e-02 7.577790201470518960e-01 5.818121502835125192e-01 -1.063138490535114222e+00 5.111039738310776959e-02 -5.110705906034263002e-01 -8.294304973367280231e-01 7.288541409989601760e-01 -6.978127178086982463e-01 -3.970384920161561526e-01 8.460397626070068622e-01 2.590036310853591206e-02 -8.363919969500532847e-02
-8.747719533157678473e-01 2.629386370401322059e-01 8.022928824681434534e-01 5.813446378831521599e-01 3.259057159773897094e-01 -3.397663970695526947e-01 -5.885584388372149256e-01 -8.035339822341436289e-01 7.923819808240062379e-01 -7.929132300390331345e-01 -2.575250311602227393e-01 8.770986542796506136e-01 6.900046889974834063e-02 -7.356496604814694029e-02
-8.916082701187555415e-01 1.733791667952186977e-01 7.982647414923325080e-01 6.268285164700431178e-01 3.448144773401939922e-01 -3.414016958259081802e-01 -5.473227430616183220e-01 -8.108323246218737124e-01 8.391979549979384778e-01 -7.954993695883221250e-01 -3.482848068432992106e-01 8.764353824455677344e-01 3.098736523479162647e-02 1.145424823423052130e-01
-2.994658803041562178e-01 -3.107151973705342685e-01 -1.560908952680753470e-01 -1.417766530794097035e-01 3.830638278311001010e-01 3.514273151969596332e-01 2.999386729246271699e-01 -1.169651227491883272e-01 6.401581802193305748e-01 -3.584015794569259672e-01 -6.394089073586939342e-01 2.271580339238497281e-01 -1.560921878993768996e-01 -1.417757354186593433e-01
-9.135794373291084014e-01 2.581141374519557719e-01 6.911707985988191361e-01 6.862990708096894377e-01 3.573619313404413078e-01 -8.960518192793409664e-01 -6.947125170353567469e-01 -7.194104027157603998e-01 8.945601654924428825e-01 -4.360622999610703765e-01 -4.539602200363889173e-01 8.615931260591898067e-01 1.412185746062408730e-02 -3.129167159815297861e-02
9.050811961147264828e-01 -5.958195674664199526e-01 2.066478527894800021e-01 -5.663175443201642900e-02 -1.778648481540650306e-01 9.095048978260749095e-01 -8.058980555208161700e-01 3.970535164941633166e-01 2.322019991272655792e-01 -9.180491863281310394e-01 -6.968366849822826836e-01 -6.589446933449836230e-01 7.951083385033124173e-01 5.943238764351688186e-01
8.505870352650650723e-01 -5.896045330769350556e-01 1.139196332866514449e-01 -9.792781147302248579e-02 -1.069730982348144899e-01 8.929873160897945361e-01 -8.277680448595969853e-01 4.573676812846615425e-01 1.624601621377360083e-01 -9.830261014710102163e-01 -7.120697724277635920e-01 -6.595916420819449844e-01 7.985168221292875401e-01 5.810333483490932593e-01
5.011761807143670922e-01 8.179055486244291018e-01 -9.900373915653895018e-01 -7.849268138884168966e-02 9.214833344680055660e-01 6.060354275724402773e-02 -7.698978753795862606e-02 -1.194139148894131086e-01 5.668666471181798006e-01 -8.214049502509426226e-01 -6.838147637307159243e-01 -8.145084518461276346e-01 -6.524403426263019057e-01 7.006274927683131537e-01
4.653035030582275411e-01 -8.357199733113909179e-01 -1.318910642501803232e-01 -2.470370004085226806e-02 -3.809549860842442737e-02 8.906446587523534353e-01 -8.425044322886108272e-01 5.561923902369912964e-01 8.705926554070320122e-01 -1.368277130745126913e-01 -7.493567990583542837e-01 -7.284629035102636596e-01 7.132170224876286380e-01 7.275102093162713057e-01
-8.140043826401812677e-01 4.870781851308959576e-01 8.444808354594481870e-01 4.054623398134008516e-01 9.710585795788156949e-02 1.088748944462267221e-01 -7.002650191870316565e-01 -7.759092707755175233e-01 6.801977648504951013e-01 -8.109021904153626004e-01 9.126607696137609138e-02 8.891392692512802842e-01 2.928188432976296107e-02 -1.039146748247521679e-01
8.716740797384119332e-01 -5.920499742630807027e-01 1.445545866070893082e-01 -8.440691748462453292e-02 -7.965228548252159535e-02 9.224992103210833960e-01 -7.702077179717305988e-01 5.091273287556943306e-01 1.048846574219272354e-01 -9.418076381689788334e-01 -7.608447986650714867e-01 -6.144566536626112629e-01 7.818930347141694881e-01 6.058321744465120506e-01
-8.579380640096836430e-01 5.519983296179384880e-01 7.753069362256632679e-01 7.114349726366597793e-01 -7.437445882443411982e-01 -5.586608702931838977e-01 9.079376506065295338e-02 -9.335070498804673989e-01 8.241168559617211287e-01 -5.127473877173485128e-01 -2.809742083784727562e-01 9.274948589880764871e-01 6.147744201522831187e-02 1.136448936505618512e-01
8.179698903163727941e-01 5.549925499214485303e-01 -8.146212601513436180e-01 -6.128471173592884291e-01 1.022474750705975599e-01 -1.509820596142715798e-01 -6.341106067159796300e-02 9.124360906987898368e-01 7.952866232724802309e-01 -7.265898089009155125e-01 -2.532102059291270191e-01 -9.470719076604139364e-01 -7.862041100082213241e-01 4.852409643866681943e-01
7.423953175672217686e-01 6.590306753061395129e-02 -8.418203177249155011e-01 3.069289681655368307e-01 8.359917269684582486e-01 -9.409684376463096633e-01 1.749377325622716584e-01 8.588759564960612991e-01 1.601263374541865960e-03 -6.695036389011996825e-01 5.836849943854588441e-02 -9.201361928341084129e-02 1.601647065041890590e-03 -6.695039085904316289e-01
9.842772504141603651e-01 2.205304337421654798e-02 2.972074798439533483e-01 8.305133639016645808e-02 6.824350310633611194e-01 -8.072703237183085356e-01 7.656772075086426543e-01 8.253408054425219742e-01 -4.053348489249158915e-01 8.201277149677412837e-01 -4.970670255373824675e-01 -7.301963580569625911e-01 -9.106157688155693819e-01 1.416691666493532509e-01
8.251450110647662317e-01 1.394968514514948604e-02 2.072246933905649846e-01 -2.234436921068173598e-01 5.682109696275898791e-01 -8.561608573421078949e-01 -7.218600770044271420e-02 7.408551878545518443e-01 -7.218566947595767003e-02 7.408552534030754533e-01 -3.552285248955842079e-01 -8.117359961228223231e-01 -8.422238060751450206e-01 -6.213018143557758402e-03
8.432508771084405996e-01 7.941914818895884354e-02 8.027383748675813099e-04 8.123426999443889018e-01 6.013387618789225453e-01 9.602031809565108045e-01 -8.433028442818180093e-01 -8.779978902975021926e-02 3.945187604718583541e-01 1.074026428955657253e-01 5.793096738180159716e-02 -7.943893697742085980e-01 8.034758634700814610e-04 8.123428599822730689e-01
8.841090068583448147e-01 1.233841698321848368e-01 7.951077923506405520e-02 -2.176057235186589778e-01 7.076447103940018968e-01 -8.300790147568966049e-01 6.933380715147090534e-01 7.783339218947971094e-01 -3.014325775034817911e-01 8.104631213264676948e-01 -6.052167068011252704e-01 -8.350319087577886545e-01 -8.857785155228237173e-01 1.936298069351037598e-01
9.533732899226872171e-01 1.282426223558036371e-01 7.078336163862344876e-02 7.167123492133065099e-02 6.566560456307117821e-01 -7.594746790586248686e-01 -5.940399567383090051e-01 8.013626740010870719e-01 6.203009270200512404e-01 8.383258430096427460e-01 -5.240352919670776544e-01 -7.992411986246810152e-01 -9.300657600899482347e-01 -3.565638313053233477e-02
8.098845716758706903e-01 4.644378003372542363e-01 -8.790931068460581255e-01 -1.412945208241060402e-01 1.403024147064601546e-01 -3.380194703115920740e-01 -3.260697508867999028e-02 8.809704654095096288e-01 8.273832445237128130e-01 -8.381577926470573647e-01 -5.857920091392573303e-01 -8.922468254136899368e-01 -7.312569662161902961e-01 5.665573896643898433e-01
-9.027850166523285758e-01 6.626080996038852255e-02 7.780687174743707857e-01 6.853007778311435150e-01 7.831650682567754540e-01 -5.850895060069842835e-01 -4.545015440519019068e-01 -8.148569016262843245e-01 8.483528782630567200e-01 -1.004523244947455485e+00 -4.428085349657477909e-01 8.501684247946847961e-01 1.634858532090017746e-01 -1.001065493206136463e-02
-2.871891233517245290e-01 -4.759009389832452586e-01 3.040734416557259179e-01 3.171968585183300160e-01 -1.705934576343528727e-02 8.355414459324967957e-01 5.883147484874791389e-02 -9.320759479027738159e-01 -4.779643878505080989e-01 3.033515508546710260e-01 8.862918948857290147e-01 -9.559888728028428928e-02 -4.779646951858439463e-01 3.033516288477551281e-01
9.249222605131479646e-01 1.274273911523395864e-01 -8.486073275422898465e-01 2.685126343610380606e-01 2.439923380577219969e-01 -7.157347487614300618e-01 2.247747730027851165e-01 8.627125480451551809e-01 2.487503896425270061e-02 -7.457128632148878333e-01 4.774299634269498979e-03 -2.001872376939387282e-03 2.439948286327189853e-01 -7.157346458193388772e-01
-7.862504319780863060e-01 7.168610533811579089e-01 8.511860822097849777e-01 4.552008019562671093e-01 -9.118295287419144746e-01 -3.391115531646976544e-01 -4.605009140733710149e-01 -9.011011703040029408e-01 6.768749941601261977e-01 -6.899012305754830265e-01 1.651461753029662971e-01 8.957253751797917829e-01 -1.323196027374806683e-01 1.383804588822086339e-03
-8.693320001284954301e-01 -2.811512118656550596e-01 7.885559620251965107e-01 7.920547601436185303e-01 4.343272505056568200e-02 -4.856672589744466251e-01 -2.789665061466810592e-01 -8.977423328682903048e-01 8.122696652657497296e-01 -5.886139725275554291e-01 -6.330518588084201870e-01 8.302755204833331959e-01 1.262185592529516120e-01 2.161264082385845331e-01
-9.329721965477686396e-01 1.346091300649858158e-01 7.280292121997784527e-01 7.529995049150308706e-01 4.525748384096377475e-01 -8.762479958677862335e-01 -6.395683698983765098e-01 -7.417720877725137996e-01 8.974392398776380730e-01 -3.944932837227424494e-01 -5.515793762430032388e-01 8.758612287552326459e-01 3.827890063920239005e-02 1.102335875399930581e-01
-9.328137000694252112e-01 -1.421183063481488151e-01 7.459347795225386157e-01 8.306479935621897681e-01 -6.288353674690321249e-01 -6.854423234216615590e-01 2.944594262879438595e-01 -8.871775472723471001e-01 8.784784318616454257e-01 -3.589494674423172604e-01 -6.640599161132163530e-01 8.485156020077404548e-01 5.669103191491628446e-02 2.621937102070583947e-01
-2.456483805282831945e-01 -6.923965490322296912e-01 -2.630311137099917707e-01 6.118275214198432010e-01 -2.681564986115934218e-02 1.009301217368868908e+00 1.582099550255446352e-01 -9.827473125495324036e-01 -4.384811814578573608e-01 5.301375480468293322e-01 8.004471578689660305e-01 -2.984974924712984617e-02 -4.384822937153600719e-01 5.301370384345285292e-01
9.045729032869060937e-01 1.212612427474008270e-01 -2.066420219867652897e-01 -1.935951244473818056e-01 5.799797807946274197e-01 -8.081359954608768881e-01 -5.647672287133884694e-01 8.333717299578846660e-01 4.717079985234964301e-01 7.713847759571055285e-01 -7.415205505872868308e-01 -8.765107460125776129e-01 -9.389455467196539118e-01 1.648273764487222515e-01
7.803185688024205646e-01 1.614678170835045501e-01 -8.599945814405600686e-01 -1.984871465316299100e-01 3.660197306587827937e-01 -8.105752014847300568e-01 -2.438127455165526869e-01 7.929546917408956119e-01 6.942289835122636421e-02 -7.722082207235133611e-01 1.351599140561210999e-01 -4.681243531131803332e-03 3.660186057761999345e-01 -8.105750661204883523e-01
-9.416563311403280956e-01 2.610512389745560657e-01 6.629927298687083859e-01 8.390949988966776019e-01 9.386134992422383583e-01 1.734086357469496464e-01 -6.423948396513399217e-01 -7.686242222027330762e-01 6.895268577127646736e-01 -8.047633317403466435e-01 -5.325876798532143130e-01 8.364484950957944420e-01 5.573795281414067881e-02 6.825271049462299650e-03
-2.707357496361981197e-02 -5.986668487298746344e-01 1.373485800682684443e-01 -3.727946426107331956e-01 3.537191274456507606e-01 7.929567800627822516e-01 3.520026470361604098e-01 -8.054022061571000646e-02 8.700629572179854332e-01 -1.447140713172423432e-01 -7.685906399112790721e-01 2.158331413369790897e-01 1.373461659654453826e-01 -3.727980370581227554e-01
-6.703681514608250680e-01 -6.583652684523271237e-01 3.574587586755613167e-01 -9.090536313413222214e-01 -4.704882774896410602e-01 9.108630472862420113e-01 7.383476863806848201e-02 1.842465695783236379e-01 7.693429429281868348e-01 7.795136499665185070e-01 -9.258570157128902522e-01 4.216643194559117624e-01 8.802466763535228278e-01 -4.348678920155353289e-01
8.190560936847726126e-01 -1.295509428494267534e-01 -1.377646884898637014e-01 8.929785745164169342e-01 8.322222747160561429e-01 1.800783706691327646e-01 -8.672071976638302537e-01 1.718039958823290858e-01 8.322222945678251493e-01 1.800778819285906440e-01 -3.436375413057135009e-01 -8.599976503291755225e-01 1.575922329137159367e-03 5.584794084439354683e-02
-3.520031577362751629e-01 -8.508477487117117599e-01 2.018379272799180474e-02 -2.993100108359639799e-01 5.190274680163779741e-02 4.640344306532039331e-01 3.547893714446084812e-02 -1.884277966816674255e-01 8.311253557154779648e-01 -1.634902001481679523e-01 -8.594146056650768806e-01 1.633125824338466647e-01 2.018354870049245131e-02 -2.993122380391084469e-01
8.864174887207464382e-01 8.627287815856515135e-03 -8.475041260785969310e-01 2.654465543836439512e-01 4.255040429395876567e-01 -8.081412529670740641e-01 2.141303799412068165e-01 8.570506814625256098e-01 4.459184017051790599e-02 -7.726875788847749060e-01 1.184562588067515077e-01 1.031018448336747453e-02 4.459263456934842162e-02 -7.726875918780025110e-01
-9.214405968810682745e-01 2.694723399129957397e-01 7.652093810880404856e-01 7.531354180864596737e-01 8.788642938488566703e-01 -5.200928729115288363e-01 -7.265657977267582224e-01 -7.379469071204999286e-01 3.002489748499139188e-01 -9.178430714053114059e-01 -5.081908537892418920e-01 8.898836844116295719e-01 2.623125975393306164e-02 6.610478303274952561e-02
-9.243212901508328638e-01 -3.088504869050776730e-02 7.632438080576247064e-01 8.267045291670550577e-01 5.243642593859471068e-01 -9.056210526228889446e-01 -5.577485446469301333e-01 -7.670221435899270412e-01 9.162922380032799685e-01 -3.720764208292447472e-01 -5.698524133985383155e-01 8.363518296116236872e-01 1.731255776849653372e-01 1.180481217650819759e-01
8.322420253797873091e-01 -6.060583073731183879e-01 7.209843911812036099e-02 -9.334153428497016236e-01 -4.009390706613101540e-02 9.341737031927879187e-01 -8.518303353187666183e-01 6.270921637219475375e-01 -1.069281621659418507e-01 -2.940186306641778824e-02 -8.409817681522243626e-01 -6.654501879130992892e-01 7.946837400258173201e-01 6.005555574943296504e-01
9.113938849489857663e-01 -1.846741977662631762e-01 -7.433587094118032645e-01 7.689550954875965516e-01 -8.701741202861497104e-01 -5.650409515879004640e-01 6.461675876656958195e-01 8.381234530001886451e-01 -5.535046522979149286e-02 -8.885211932789167655e-01 -1.593588446081936616e-02 4.701980902343158575e-02 7.350375883413722278e-01 -8.543080872934809555e-01
8.406265443072387100e-01 3.586928074428517021e-01 -8.317970118204334184e-01 5.212980942870348855e-01 9.633192452482636225e-02 -2.731840709682040735e-01 8.131331249956011420e-02 8.897643337873661906e-01 8.275830236583372468e-01 -8.523373083771694780e-01 -4.256654290787467154e-01 -9.306478443376180465e-01 -7.892132547055883407e-01 -5.942284765944823022e-01
8.935141340556183032e-01 -5.771044556768980538e-01 2.373774833741829071e-02 1.675766789946276508e-02 -4.178651427523703832e-02 9.393142149908095817e-01 -8.732704106856932214e-01 5.890225129961477180e-01 3.958415867931301957e-01 -9.250864257469753049e-01 -7.474398508927682094e-01 -7.004921189977268980e-01 8.332746128587711354e-01 6.447424830601793388e-01
-9.359258433976072045e-01 -1.804082677152943695e-02 7.560455013396039092e-01 8.026222869213048838e-01 1.264333962036661152e-01 -9.320365160860351050e-01 -7.005668761962149382e-01 -7.428196528666541898e-01 8.676413944527818778e-01 -5.325343831635789282e-01 -6.220057887082131032e-01 8.583922696717898315e-01 4.925597994587734008e-02 1.039175781218870664e-01
-9.381006846496919849e-01 1.854439794401063768e-01 7.756560772254785796e-01 8.419820897010672489e-01 8.907039042777875615e-01 -3.614913156851451426e-01 -6.476349112596957447e-01 -7.133445190892881982e-01 4.331910251916057941e-01 -9.066741585752726706e-01 -6.032197856008782999e-01 9.005208706670928542e-01 6.513136513827536000e-02 2.480226880954432556e-01
-9.186946385019831851e-01 4.180887705011007149e-01 7.489391523808979212e-01 7.577484399407596882e-01 4.455265640926723281e-01 -9.086787408841028313e-01 -7.426861931281689699e-01 -7.512428830927209145e-01 9.155066846320867313e-01 -3.941114271029144689e-01 -4.353352528168321633e-01 9.144912002429528286e-01 -7.279662664541252867e-03 1.811722931427400471e-02
-8.986688005641465526e-01 2.483287843300165942e-01 6.985978699274313364e-01 7.628642068187816427e-01 3.172486629943420677e-01 -9.246857124739813472e-01 -6.852683478436243369e-01 -7.685922837325496193e-01 9.079365688155949243e-01 -5.350669648166433978e-01 -6.330883565090450471e-01 9.153625194352981165e-01 1.434959070235353185e-02 3.842505567080949092e-02
-9.339841822397254578e-01 3.193782820026243030e-01 7.305163407872778958e-01 7.542475491813656063e-01 4.556630268011628848e-01 -9.201454921078215943e-01 -7.027420004631603767e-01 -7.640727700442859760e-01 9.056109115659212172e-01 -4.858524814970014427e-01 -4.940571005940509464e-01 9.231951162655567256e-01 1.180163015647868550e-03 8.571864892507503886e-02
-9.378666174405648759e-01 1.750710560458849374e-01 7.837193163490001613e-01 7.672113553061132851e-01 4.307354666149396105e-02 -9.287330349448263966e-01 -8.005591513702305928e-01 -7.507075826567470855e-01 8.591087436849705883e-01 -5.791968051524378769e-01 -5.592116292697555391e-01 9.140685983417681237e-01 -6.193738242065717492e-02 9.749871185895447878e-02
2.889508388047777876e-01 -9.755930060288111605e-01 6.872079177311625209e-01 -7.099124405156271855e-01 -5.988758500442339927e-02 9.140944105522015306e-01 -9.100029430723233226e-01 5.822015618732399034e-01 -2.693750027724122198e-01 -1.126230713662242366e-01 -8.304554740375125199e-01 -8.271847498289024436e-01 8.508841150971848677e-01 5.306608945203850070e-01
3.408423723625477741e-01 -9.285662736465654099e-01 6.387045900215488903e-01 -3.671790250459213700e-01 -2.806209346273996069e-03 8.932762044337776430e-01 -9.421214848725074642e-01 6.519547548325725916e-01 -4.776128318491195124e-01 3.590618368050477530e-03 -8.380575161795797978e-01 -8.159097208143137880e-01 9.132635488726135176e-01 5.307430198941973654e-01
-9.315448014375111718e-01 3.845227290614304516e-02 7.954404407225408313e-01 8.440344042387981638e-01 9.516965473199201497e-01 -2.580544319253201824e-01 -6.018876175362521952e-01 -8.747305699581069405e-01 7.276331275976470891e-01 -8.386466127219480704e-01 -5.919024283633760319e-01 8.924562470414558746e-01 5.783071501426509387e-02 1.305763995207630535e-01
-9.319815975634182514e-01 1.811602330997063026e-01 7.764361867033224840e-01 7.864393702828755828e-01 9.384501990730198528e-01 -4.177533930930961148e-01 -6.171854926050746037e-01 -8.115351504017671580e-01 6.112178756424235804e-01 -9.319447202352399984e-01 -5.288209685224776191e-01 9.084161500700360659e-01 8.271120106951163065e-02 3.745899800375213085e-02
-8.982574581008939685e-01 3.243469077961709246e-01 8.294117307690354046e-01 4.361781989010552474e-01 6.325898012615747135e-01 -9.472066219427361933e-01 -7.169472180866307554e-01 -8.163943051327768874e-01 9.729615274616711940e-01 -6.254701824252490994e-01 -1.819330403941378238e-01 8.956474721843079578e-01 5.463460116168251945e-02 -2.300230142546122458e-01
-9.407808556150458745e-01 1.507429958213294674e-01 9.091230515454398198e-01 8.550188956039834753e-01 8.291354738675866809e-01 -3.617698974131443590e-01 -6.008239696550898845e-01 -7.060657042423288399e-01 3.791653472358962329e-01 -9.426798590588831850e-01 -6.497691354138303010e-01 9.548319813840902004e-01 -2.668864184658226169e-02 4.963034377102267802e-01
