-3.303355655339058200e-02 3.491618296673532768e-02 -1.583773259903711872e-01 8.991525776819231375e-02 -1.110362969982389356e-02 -7.801273220711875053e-03 7.673079166290103226e-02 2.654507399245925603e-01 3.164274716874541926e-02 9.283146951247585044e-01
-2.047871275972193428e-01 4.799313856848337612e-02 -2.059340361607867043e-01 4.789596911251721434e-02 -1.256645530846670772e-02 -1.260971508024588510e-02 1.407508880004032514e-01 2.292283353308872673e-01 2.486407847507016156e-02 6.986450663493732893e-01
-1.310282324521087893e-01 -5.984702485395036048e-02 3.296577670308514785e-01 2.516561416136926521e-01 3.296629502561247982e-01 2.517122860675660156e-01 1.011286129603352180e+00 -7.567522267376431966e-01 1.386737002345391323e+00 -1.210815709703698673e+00
-7.999644580841039354e-02 -9.565761843197037040e-01 7.881321579283171452e-01 -3.257809209847262188e-01 -5.683796016029492026e-01 -3.117807860061587721e-01 3.263851749226374110e-01 6.875304804104900303e-01 -8.154142493530976976e-01 6.117828690084945453e-01
6.496880894372621118e-02 6.586361532140219688e-02 -7.970443560673137751e-02 7.821638960218829650e-02 -1.863145032173998614e-02 -2.258065794828558598e-02 6.498001808753112174e-02 6.589189897920458283e-02 2.623323472375525128e-02 3.331249403196106518e-01
1.586046503210636893e-01 2.012521763752911017e-02 -1.292631318469993906e-01 -6.038191255961524728e-01 8.114140039635700519e-02 1.302340819077699940e+00 -3.231281671275819667e-01 1.618333339925647762e-01 1.583543890216655703e-01 2.010278319076970466e-02
2.355755973778740353e-01 -8.248032663274443288e-02 -6.020856552212106028e-01 -8.080535190827711212e-01 8.532288600303072901e-02 7.043713287002900669e-01 -2.936395028196463891e-02 2.577511589100930922e-02 -2.879537272856272020e-02 2.560807285425904800e-02
5.453405397737798310e-01 -9.185049565341509847e-01 -3.481207673788200285e-01 -5.677122424975196147e-01 -1.205974874870739955e-01 8.292054529350414427e-01 7.416201881677233487e-01 1.746825869989057090e-01 -9.338848156038097592e-01 1.515089039799391024e-01
-4.353064335227327386e-01 -2.897248578239964845e-01 2.730266284268157984e-01 -1.551956984645910531e-01 3.778408892564039633e-03 6.598543113608636990e-01 2.730457458017201411e-01 -1.551987514033643656e-01 5.525954283508305309e-01 -2.121380690321977625e+00
7.739508840013471502e-01 -6.343228925482145009e-01 -2.918251696212788016e-01 -7.034188905330882591e-01 -8.815958950524158122e-02 9.257868997315386039e-01 6.099626533123960748e-01 3.253297452174760407e-01 -8.060999559792088043e-01 2.070745288280531615e-01
-6.034722849821305690e-01 3.017027003714609634e-01 1.754650746920308202e-01 7.678093793528396882e-02 4.718154187000543898e-01 6.317131196265431958e-01 4.462734008723845958e-01 5.927087015094124611e-01 1.754495584329084923e-01 7.669222018592875001e-02
6.545015759496775054e-01 -6.608931739296481922e-01 -7.993718938292468934e-01 8.055308608004891902e-01 7.210934447616281773e-01 7.140817987181584670e-01 -1.257147742308487026e-01 1.316828399358824786e-01 -7.186421694870368526e-01 -7.111689929729694271e-01
3.844827343926352503e-01 5.825067799012744185e-01 -3.670624926840220792e-01 -4.744229663075899550e-01 -1.921739291889334733e-01 -6.046450331429171765e-01 -7.927488271848167137e-03 1.834573763081142062e-01 -3.670708483055040716e-01 -4.744138170463195192e-01
1.780483464677012212e-02 1.251075991193452142e-01 2.678141843363602836e-01 -1.854156471875522683e-01 -1.080611222863567367e+00 9.784255200664315755e-01 -6.582153520869850338e-02 -1.008398135858376565e-01 -6.586619943693328150e-02 -1.008864597784447231e-01
-5.644459336907039493e-01 3.721009527409968043e-01 1.703261316714815843e-01 7.472105852654867264e-02 4.158321323387684787e-01 5.398093124034166745e-01 4.782743664708271059e-01 6.464907211108552598e-01 1.703270485782436561e-01 7.473391937044124300e-02
-8.174593702034058662e-01 -1.421588344485295030e-01 7.767680350449504001e-01 6.062919964375985682e-01 -2.810268652665922628e-01 7.033840755408012901e-01 5.727403904858536787e-01 -4.052348859192341779e-01 -2.449841546248175128e-01 -9.115419892014071657e-01
7.035594911387245132e-01 -7.090784544760990737e-01 -7.219693828806011959e-01 7.296068531268381507e-01 7.124021504467952237e-01 7.074235072559231785e-01 -2.879332780181599605e-02 7.177633141582376135e-03 -7.244543612602156735e-01 -7.186376773247454830e-01
1.850647807614573537e-02 5.171732902574898150e-01 1.746853819552774412e-01 -3.302494251242679146e-01 -8.318576580118433039e-01 6.633248161383774599e-01 -2.199587541217682962e-01 -2.676969431304281888e-01 -2.199606306623469454e-01 -2.676967745824559985e-01
-1.117079774281950766e-01 3.648668661796846679e-01 -1.117098515804328118e-01 3.648663969804022966e-01 3.576647877611294213e-01 3.829179406500432536e-01 -7.736361235211210996e-01 -7.229888565864577288e-01 2.051717452813490716e-01 -4.553249976672149035e-01
7.359212976715088228e-01 -7.359702184198331221e-01 -6.970400128221068137e-01 7.007261827964729184e-01 7.405016952066153513e-01 7.396612512077109791e-01 7.917851005016154908e-02 6.899138292146536969e-03 -6.913366422953428625e-01 -6.971996143329403095e-01
-6.461353047875075806e-01 -6.789074534981550668e-01 -6.832744499306162567e-01 6.671962016092710668e-01 7.201854191455113741e-01 7.615221204123970855e-01 1.854887341575276460e-01 -2.689976956543530320e-02 7.917767580467505173e-01 -7.814718807854814653e-01
4.308527349235364845e-01 4.940876988740074971e-01 -3.835991810063643648e-01 -4.540743758128319985e-01 -2.574991939720835399e-01 -5.679534529292229461e-01 -3.646448880376673002e-02 1.032191404008394875e-01 -3.836010465557646576e-01 -4.540712430155730006e-01
-1.116552480833324229e-01 4.462125737625296518e-01 -1.116557212763834017e-01 4.462129748537703722e-01 7.807814471958864910e-01 3.444313048515525444e-01 -1.049259217232047625e+00 -4.095743388540234453e-01 1.014965817413933657e-01 -4.862753533224831171e-01
8.025115206322783190e-02 -7.738850970642388027e-01 7.822769088179213348e-01 -9.893459013789443479e-02 -8.926217015554307466e-01 -4.909702497374500707e-01 4.637152598222952227e-01 8.768664151037057763e-01 -5.019215785883563985e-01 4.766315744442876090e-01
-1.315963118034496615e-01 3.950749347664508360e-01 -1.315984253710197893e-01 3.950753381006693044e-01 2.798606819325354378e-01 4.396335200724543757e-01 -6.858836182752890975e-01 -8.970362551382835559e-01 1.892436462137073172e-01 -3.404881871454028541e-01
2.352129974970882942e-01 8.344245739829578845e-01 -1.253097889862898051e-01 -7.226531271861329486e-01 -1.253085473205572953e-01 -7.226534942093567615e-01 -8.104822144557580210e-02 1.453465775492256418e-01 -4.406851794747387308e-01 -6.607227966616633363e-01
-5.364395787024253681e-02 3.876697708205147919e-01 -5.364395337143740283e-02 3.876692367021425945e-01 3.745380197398180400e-01 3.770954989788855016e-01 -7.374695230917466260e-01 -6.948913941656444937e-01 1.922694640013976608e-01 -3.509965030283406229e-01
-6.568250220047531229e-01 5.507031265121351549e-01 1.758623518513041384e-01 1.037639009022745390e-01 5.731548292521115862e-01 7.249216506687032879e-01 3.384363134085278113e-01 3.575731968563699015e-01 1.758612862772698793e-01 1.037611074845146142e-01
6.063610508346850558e-02 -7.945382258907116579e-01 7.637242492378242265e-01 -1.209078393007408658e-01 -8.823044258892449587e-01 -4.336974358592331491e-01 5.145955290750652278e-01 8.727468427566623665e-01 -4.693765915114765930e-01 5.147996878161682499e-01
-1.071033551929000405e-01 1.264326027722593726e-01 -1.071044236399411320e-01 1.264333078694513390e-01 4.057042891403573881e-01 5.660892804146910873e-01 -7.556310990101935410e-01 -9.535509807817810213e-01 2.574498031479831583e-01 -2.089055300362397394e-01
-3.522590101255115846e-02 -8.327530140761074673e-01 7.157388933940351805e-01 -2.037580754051032672e-01 -8.860360727434413164e-01 -3.350294096276762446e-01 6.213180490566714287e-01 8.442365949895331845e-01 -4.127944873743609744e-01 5.684686632852355981e-01
3.220117665446488031e-01 6.679709316772128869e-01 3.649230170132575224e-01 -2.231299005203458141e-01 -1.159199367938711922e-01 9.743996740548736823e-02 -1.159209014144083616e-01 9.743922388253996314e-02 -6.578939505361371953e-01 -9.062097522679346540e-01
-5.819971892133059266e-02 7.378466314369935830e-02 -5.818832993528774006e-02 7.377385462904251234e-02 -3.011327549861077734e-04 -1.080424780531986408e-02 1.811366522300704163e-01 2.433160196989438417e-01 3.122396222928113668e-02 6.251379804657335448e-01
3.390933462950576627e-02 7.030216023479243237e-01 3.911192085912620353e-01 -2.831828108064465832e-01 -9.046253762979961088e-01 1.538600308376110448e-01 3.911184288057112379e-01 -2.831833045343194466e-01 5.786627603113319446e-02 -4.910310101112002612e-01
-1.094895927523773238e-01 9.451289146784241924e-02 2.756699433906961011e-02 5.200799614829516859e-02 -5.169049522911294122e-04 -2.992871728800850645e-02 2.756292327916746651e-02 5.200587466925462449e-02 2.969382586477535384e-03 1.013021492201085838e+00
5.169343461486830549e-01 -8.602181427972839245e-01 -4.730721441020945273e-01 -5.137276052434489593e-01 4.634333967890333361e-02 7.996590329779655892e-01 7.660796988424432019e-01 1.404271237238159942e-01 -8.805515590138921489e-01 4.244339836707280433e-01
8.057104951528808456e-01 -7.093359552477581653e-01 -2.523796221925411754e-01 -6.878970243296160803e-01 -2.184954281635695383e-01 8.719745032444978783e-01 6.292804712089166141e-01 3.393081775435456970e-01 -8.531061968528987904e-01 1.019664847425562071e-01
4.892333739439053697e-01 -5.058424978598916599e-01 -4.842046604293047674e-01 -8.679110684476025739e-01 -7.188729976727228910e-02 7.895035275739306080e-01 8.766889413543658138e-01 4.495986716320147236e-01 -7.759839672817094858e-01 1.101928981906012683e-01
9.418408001946215746e-02 -7.838325929093361566e-01 7.827489927945339154e-01 -9.004651216193731988e-02 -8.715349780389423096e-01 -4.680349319129397667e-01 4.682775492956221530e-01 8.756286690532073536e-01 -4.958376389262419970e-01 4.981288979133116079e-01
4.745423632371198464e-01 -8.712269248782493758e-01 -4.946889192867670038e-01 -5.016727704139596344e-01 8.854166725301962360e-02 7.855556088388147007e-01 7.813519032973799128e-01 9.666159313968936129e-02 -8.720279329404794222e-01 4.626542052320410381e-01
5.108981588812322450e-01 -8.673452954699072404e-01 -4.731310843154217238e-01 -5.238639242162448362e-01 6.062014319151046160e-02 7.988070724691965774e-01 7.682793980023534530e-01 1.215123195953289326e-01 -8.745829265884887960e-01 4.239107692562830154e-01
5.093864428930579002e-01 -4.887273243932989675e-01 -4.489911140689049063e-01 -8.729289265021611399e-01 -1.087367153327971625e-01 7.774119268501780144e-01 8.678625887053887933e-01 4.867798897691233972e-01 -7.912762724647346424e-01 7.737326548245945790e-02
-2.223933418339414381e-01 -8.849594884606277745e-01 7.811224298541838973e-01 -4.504438617785129217e-01 -6.607052565765940688e-01 -1.515924457767219014e-01 4.013903488237615669e-01 6.100058881015433254e-01 -7.426026103764729047e-01 8.517075797259738845e-01
-3.265591677093567791e-01 -8.572115813964935604e-01 6.395660676783665455e-01 -3.600115756742625628e-01 -7.903135915751696716e-02 7.226044001744185152e-01 9.148615986252992549e-01 7.311139542722171480e-01 -8.226489060565962408e-01 6.857722298859195154e-02
4.539961224055059086e-01 -5.440345962044184080e-01 -5.369592386324852917e-01 -8.738689693715414597e-01 -7.361329548728995364e-02 8.048073451082932150e-01 8.657755295951552466e-01 4.037678742736604542e-01 -7.663306337085736830e-01 1.128306493630169549e-01
-8.854051331444286188e-02 -7.874182563680770519e-01 8.701964987954795561e-01 -4.596959079037724050e-01 -7.847455105938283548e-01 -9.644382959349000195e-02 4.987077507180679992e-01 5.051686544767111098e-01 -4.709552457542065529e-01 8.684550790772498363e-01
-1.404530614443136316e-01 4.377063850879535645e-01 2.728680587706961980e-01 3.704117928834196327e-01 2.728683562772954430e-01 3.704120550163305658e-01 -8.821946540555767324e-01 -7.878135604677010129e-01 2.601597597981707422e-01 -2.689617904703103246e-01
5.128014271577289174e-01 -4.918706869765581136e-01 -4.467457743560935279e-01 -8.712391146279822030e-01 -1.118225756765726941e-01 7.804477065383367274e-01 8.648888464577220159e-01 4.857534315130924707e-01 -7.937457815145677609e-01 7.665910376560342021e-02
2.656998777216491026e-01 -3.343095406909128986e-01 -1.779538348305373108e-01 3.215522211693588872e-01 9.000740977302565948e-01 5.157836042989125680e-01 -1.779540111473302821e-01 3.215524608890446001e-01 -8.439964386183209655e-01 -6.367956640170193694e-01
-4.335078553736618212e-02 -8.025135433715941957e-01 8.778537527652012784e-01 -4.143862050433182453e-01 -7.718104806817693841e-01 -1.339310392119231752e-01 4.798918461237819955e-01 5.279555330043150807e-01 -5.074295727750570695e-01 8.607933794056672472e-01
-8.329324873041623611e-01 -7.975407681900745782e-01 -6.844942368017308265e-01 2.539923072275230842e-01 1.287788429104804733e-01 8.550254971874757803e-01 8.566278167948220279e-01 1.162481396599133882e-01 2.303914885731940532e-01 -6.949254612808211107e-01
-1.505123319265102011e-01 -7.903080637932440311e-01 8.280123854880017120e-01 -4.889777136991351192e-01 -4.397336325027447756e-01 8.655982916484354917e-01 5.125276866229371286e-01 5.031912392914332788e-01 -7.917003442505023969e-01 -7.211472452934886146e-02
-9.276786455003958043e-01 9.013170145779703102e-01 9.812100565139465769e-02 1.139486738913247643e-01 3.147430381271595357e-01 -2.493632277330472269e-01 1.244767399637519145e-01 1.327064415142021891e-01 1.244667013825681845e-01 1.326985217785038862e-01
7.104876872419072509e-01 -7.112281398864794824e-01 -7.490255468740825151e-01 -7.530517075346409017e-01 -8.432230701361093095e-02 3.041164936428323185e-03 7.106163937722984603e-01 7.144214485877136145e-01 -7.525183631076881596e-01 7.531416100107546363e-01
2.817017530542913206e-02 8.559894593676024011e-01 2.355173449797218488e-01 -2.905266647908980593e-01 -8.454786904910371881e-01 3.487760810066913297e-01 8.730566826642210954e-02 -3.903669278663787212e-01 8.730667834861514931e-02 -3.903661687547392845e-01
1.007021386300984978e-01 -7.895494158885689728e-01 7.937076525674429117e-01 -8.625439025547446126e-02 -8.659265141936716148e-01 -4.684583800655378605e-01 4.554028321570793292e-01 8.688004413829434336e-01 -5.107114481889262203e-01 5.044537062514773407e-01
1.740212273909793467e-02 6.000625295265307191e-01 1.745296924013701179e-01 -3.968676910126455182e-01 -9.517928290328517837e-01 2.857745786565749624e-01 1.745279993110373240e-01 -3.968681026588627425e-01 4.304552727620215846e-02 -4.381974233055974111e-01
1.365708076235643519e-02 -8.131941896510267442e-01 7.665837499869925242e-01 -1.546013378956986872e-01 -8.797771581778980332e-01 -3.818631017091412838e-01 5.355670038104380914e-01 8.599620531922048672e-01 -4.666187160642454868e-01 5.492401939031125169e-01
9.374416111077862879e-02 -7.930610042456496256e-01 7.935804879273302692e-01 -9.168085761486000074e-02 -8.680151443016858037e-01 -4.620218858952547802e-01 4.602908792913357749e-01 8.684240824183649954e-01 -5.098815603716607692e-01 5.090527902747346012e-01
4.635022207413904693e-01 -8.683986892389362611e-01 -5.066418876773971514e-01 -5.133466034698790370e-01 9.146474013035006678e-02 7.962159032642163181e-01 7.921633064491051535e-01 9.356180429226446105e-02 -8.677912436302867016e-01 4.524007326472569979e-01
-9.299866826458003111e-02 -7.943598182096049953e-01 8.695539618201713061e-01 -4.610446344662145757e-01 -7.959098503592347829e-01 -9.123554702471464717e-02 5.130044161895509491e-01 5.074597025252269855e-01 -4.570701741370580273e-01 8.674611740383388891e-01
-6.313989426500746793e-01 -7.285468663249732024e-02 2.411094024477337394e-01 1.426959201343073746e-01 3.963655882296301391e-01 6.023159427674021349e-02 2.411095738219947715e-01 1.426935153930732059e-01 2.261458191298257037e-01 3.467040415365862244e-02
-8.658919975195011887e-01 -3.886414068956795531e-01 -4.662633945709765415e-01 5.571470968014986536e-01 5.258327645035547615e-01 8.680519434790648914e-01 7.800073913841811812e-01 -1.209089051350647065e-01 6.015770137011802743e-02 -8.108219352579970618e-01
-3.711034282829068776e-01 5.502450295067567304e-02 1.553989491021842695e-02 -5.716606597928600153e-02 -2.149748619763484220e-02 -1.180911552709767998e-02 1.585191496051841648e-02 4.310049449377667541e-01 1.585224314623080374e-02 4.310046964716319762e-01
7.870188733001439729e-01 -1.794531964089710330e-01 -1.934877147836652211e-01 -8.194696343784353409e-01 9.069551321773114405e-02 7.836881482147055600e-01 -8.784831528437480053e-01 1.094387682789367891e-02 -8.784830772628846596e-01 1.094436364488706251e-02
5.842376291233815355e-02 5.009449663997223023e-01 1.539808524493047615e-01 -4.670273189612056397e-01 -8.827766096665163875e-01 6.714558757269223355e-02 1.539795737298315093e-01 -4.670276152780033496e-01 2.335370565844879440e-02 -5.111518681488800286e-01
5.374138054034353074e-01 -8.642501065098350255e-01 -4.670044560420063551e-01 -5.607310264459839377e-01 6.055059424755309706e-03 8.175568022823063163e-01 7.738383674617730357e-01 1.542500753675125624e-01 -8.796212924910631337e-01 3.664541239193467304e-01
8.841097101512690459e-01 2.794416674276834489e-01 -5.726197879497163523e-01 -8.588365478348282123e-01 2.046211483947805304e-02 8.163301711819082040e-01 -7.821283729456025569e-01 1.739699907497595510e-01 4.311389225474209219e-01 -5.771352161429557093e-01
2.528741437196026232e-02 -8.106259194776795907e-01 7.860632738900670269e-01 -1.372910322674423533e-01 -8.839761278731008698e-01 -4.168605134567894277e-01 4.886607976516763596e-01 8.644321425660695946e-01 -5.029253739661070366e-01 5.313924955433382280e-01
-3.995099457536184506e-02 -8.111890878746050859e-01 8.771830468092836064e-01 -4.060390636435384781e-01 -7.879419229464865726e-01 -1.280427951934967890e-01 4.922925450824692795e-01 5.425591945565926277e-01 -4.990826379378478506e-01 8.681327910509450962e-01
-1.721642169019083624e-01 -7.729690147408692091e-01 8.645402824032935030e-01 -5.925166728405679706e-01 -8.222131224209117129e-01 -1.132991009109389838e-02 5.767382520615147445e-01 4.349530552823899221e-01 -3.485903894654314161e-01 8.787154425928394019e-01
-1.317834228650339168e-01 -8.049820418354010076e-01 -8.105138362170178912e-01 -5.258323726149924382e-02 5.033451702224469582e-01 5.116781363198155130e-01 8.692237664258537500e-01 -4.415375629812819946e-01 -4.216818338979255731e-01 8.778186476674243455e-01
2.384974644793759480e-02 -1.775336225661058864e-02 -7.418551214799367077e-01 7.394693698684826622e-01 7.465680092186753880e-01 7.525750668429589396e-01 -7.487067446381963087e-01 -7.416740693480562419e-01 7.594766689071847932e-01 -7.581768888387399041e-01
-9.791455617614641671e-02 -8.041988864484439503e-01 8.730603610125707847e-01 -4.632892856286224825e-01 -8.067388555978398657e-01 -8.727869620149740493e-02 5.204644315280422262e-01 5.147272093721030339e-01 -4.524289345952449137e-01 8.741290952604569009e-01
5.224892002714571770e-01 -5.128762805020610216e-01 -4.475907899592357353e-01 -8.758477770223269676e-01 -1.057807166965226697e-01 8.038919309105889699e-01 8.725767141867764032e-01 4.683312244285441350e-01 -8.092288343949657348e-01 8.081514242375391344e-02
5.733048970362184527e-01 -8.666582522917254394e-01 -4.474125432756768106e-01 -5.862405283112770427e-01 -4.797670508426954417e-02 8.287995432274986030e-01 7.719245495464965856e-01 1.887921025130653296e-01 -8.853911545038002373e-01 3.170451251681316585e-01
1.124859284257160863e-01 -8.016544524388684589e-01 8.159361478754199037e-01 -7.251737216849676870e-02 -8.771349425749531692e-01 -5.001153404060153518e-01 4.128418457851974477e-01 8.729776966579996245e-01 -5.465373271240354658e-01 4.878829944959272580e-01
3.851119845078640469e-02 -8.257187846599499670e-01 8.866497884223980552e-01 -3.248143468280364488e-01 -7.787731719084249882e-01 -1.609782652975325634e-01 4.632726680307069911e-01 5.819958788118496651e-01 -5.441527175430402874e-01 8.735872381230767036e-01
5.560826235612830182e-01 -8.760455758792136116e-01 -4.512184101141332171e-01 -5.792850720897910755e-01 -1.534697518642631764e-02 8.289184778070892712e-01 7.915642563770790563e-01 1.610790152097771877e-01 -8.863648208888452729e-01 3.381569711322736094e-01
8.513737522642879085e-01 -8.320091098362677462e-01 -2.501083221925426425e-01 -7.131354774408354968e-01 -1.866791447291397676e-01 8.616868778169469723e-01 6.959183957079497773e-01 2.882756022348114122e-01 -8.600442563539819618e-01 1.148169437168904405e-01
5.169952716200194587e-01 -5.268331272103522478e-01 -4.617877990948158762e-01 -8.791408465318633070e-01 -7.363816586239843587e-02 8.152313209646842029e-01 8.817796292155943849e-01 4.406468194311800590e-01 -8.104009931291666913e-01 9.959795373834393062e-02
7.765789467956743519e-02 -8.460364758079597092e-01 8.685673364801046459e-01 -2.095979046572624127e-01 -7.503483368073049498e-01 -2.107403774635067395e-01 3.349882778277618045e-01 6.654108687457620519e-01 -7.356027481361228082e-01 8.793143005073835727e-01
5.181015450988686322e-01 -5.276315970241662878e-01 -4.603827863078270299e-01 -8.814984591016586934e-01 -6.851907561983353045e-02 8.174384540577483982e-01 8.850554108279982124e-01 4.380641417911461666e-01 -8.127063570394892356e-01 9.938249380770108887e-02
8.970368105416651194e-02 -8.127249269458012293e-01 -5.409594563679716028e-01 5.000862961479006774e-01 4.361016856617996318e-01 8.776034345145216076e-01 -8.891949737293525224e-01 -4.840927961351362274e-01 8.228184983143362885e-01 -9.494295704969651917e-02
8.838194902152853860e-01 -5.467743326337394238e-01 -1.447612785103837840e-01 -8.023794988799213268e-01 -3.037155180201487892e-01 8.795471161984345088e-01 -8.281010560157247014e-01 -1.012533843724084011e-02 5.944778990257968410e-01 4.557461779029542970e-01
-8.851876852386746375e-01 4.385353067849656616e-01 8.416110242585722601e-02 8.219932128991025433e-01 8.194010966230556026e-01 9.168956970389707806e-02 -5.136802270702558459e-01 -5.294554862955238583e-01 4.591710601614258369e-01 -8.874088032033013995e-01
-4.551020307835388912e-01 -8.869981514361688912e-01 5.191079790742557654e-01 -5.247202010564145924e-01 -6.949159720434733289e-02 8.239557688041698746e-01 8.900242357944723182e-01 4.381928931287600304e-01 -8.197510149673898905e-01 9.858438378831235749e-02
5.094098224359391303e-01 -8.973349985173539878e-01 -4.662562947247081979e-01 -5.708759449647289319e-01 3.587549962355923716e-02 8.340752726893319036e-01 8.109220342185152752e-01 1.211837064444241108e-01 -8.823423355912409782e-01 3.717257695944857776e-01
4.933216494005491226e-01 -8.923942559480054770e-01 -4.942810626681558017e-01 -5.535984892025396231e-01 5.931976281413647856e-03 8.335112324287815566e-01 8.114959669472767700e-01 1.322984875278833128e-01 -8.960061570965540678e-01 3.828006354901285491e-01
8.996538045900959180e-02 -8.283512177857342840e-01 -5.161038444331265129e-01 5.200268332598876331e-01 4.524916291985176531e-01 8.936679608124040719e-01 -8.928808717768510483e-01 -4.478096510737197278e-01 8.287089772092508522e-01 -8.812055295334889071e-02
4.969189365660275914e-01 -9.002410150736221972e-01 -4.654698630937057491e-01 -5.909985127360335433e-01 -4.036579798193989932e-02 8.433118349046289097e-01 8.110869718949680340e-01 1.547300415888166469e-01 -8.898970826981518201e-01 3.363503129651130852e-01
4.693706028902326910e-01 -8.974346646280326745e-01 -4.985951362942400156e-01 -5.268963991447059847e-01 5.356273688232038310e-02 8.448058884194851181e-01 8.246865690374138858e-01 1.111392588977692664e-01 -8.980665754030545678e-01 4.150781252624080597e-01
-4.354078464530126702e-01 -8.983620542752775995e-01 5.181544170655717485e-01 -4.836406356114204552e-01 -1.664158550217549881e-01 8.339749931247613102e-01 8.951120553315080608e-01 5.101394683676367947e-01 -8.461572057366320010e-01 7.527350031300350519e-02
4.518862865389174921e-01 -9.027916561606683654e-01 8.382515372461606384e-01 9.331611551002769178e-02 -5.067174474218643088e-01 -5.131923619986790142e-01 8.003727320057282824e-02 8.382886836826861643e-01 -9.039169438507692611e-01 4.346695241403984444e-01
5.422003176223157972e-01 -9.240632244684001684e-01 8.369103320095161447e-01 1.215667882306197267e-01 -3.612654099810717057e-01 -6.093357905889875692e-01 3.219400431299279663e-02 8.476855182538223232e-01 -8.854170039980242546e-01 2.651068845818601027e-01
-1.371342717979064652e-01 -8.492405940486258409e-01 9.006061273768334319e-01 -4.441665640842498708e-01 -8.492853411593721535e-01 -6.665193713529446451e-02 4.725270165828909796e-01 5.115445857713643019e-01 -4.405194814958463545e-01 9.152564227883207559e-01
-4.582983463862746465e-01 -9.133583961185257616e-01 4.912536789249885016e-01 -5.214223132579096642e-01 -2.216803934256310338e-02 8.510490149883346289e-01 9.148781245151360597e-01 3.943523320962550871e-01 -8.395187322312286371e-01 1.149745795866015385e-01
-4.373877289023927473e-01 -9.168389551711092489e-01 4.954214902033877710e-01 -4.956048027904469411e-01 -8.917224893466590974e-02 8.527864473912349919e-01 9.167578963732014863e-01 4.379013678364538364e-01 -8.525717955256159053e-01 8.861588306366638412e-02
-4.319290250767414685e-01 -9.217588251407231592e-01 4.909488379044357753e-01 -4.857727124959171361e-01 -1.055140254453860449e-01 8.563393303882429475e-01 9.211578936383311156e-01 4.440093603673106459e-01 -8.597491943667310288e-01 8.099716308014112687e-02
