8.010219601568616121e-02 6.905593298945843506e-01 7.455774019818649512e-01 -5.682282834701437579e-01 -7.471184052750492466e-01 -3.952913175202361074e-01
-5.461906646685488025e-03 6.855530522704649243e-01 7.524914491970694508e-01 -4.785604022143952196e-01 -7.524900842320090266e-01 -4.905286426970552616e-01
-2.270046822671829140e-02 6.854222673316638925e-01 7.509384047584495292e-01 -4.590646580809752408e-01 -7.511527210065945814e-01 -5.085918110765763611e-01
-1.124126401799413824e-02 6.846389136809944986e-01 7.505744505939559996e-01 -4.713346300611464534e-01 -7.506221169083362454e-01 -4.958528989005746568e-01
7.645695190341020298e-02 6.879049796127882921e-01 7.432028336066192065e-01 -5.625411821503254473e-01 -7.440259200583729804e-01 -3.984230814578146318e-01
5.269266598440520977e-02 6.853221224079021345e-01 7.461948968505525137e-01 -5.384768338711072300e-01 -7.459790385733244822e-01 -4.248150513440508425e-01
2.473895324442216409e-03 6.830613515031869198e-01 7.482445738508186617e-01 -4.852210948490253140e-01 -7.481714150772340588e-01 -4.798599856796643137e-01
1.080273826494995704e-01 6.897860356390446146e-01 7.333706511143209816e-01 -5.906556593805900590e-01 -7.372260416837654873e-01 -3.628680440990278422e-01
2.318470079002870055e-01 7.113228223137788575e-01 6.808165188163776138e-01 -6.807321739265126403e-01 -7.113441733687460022e-01 -2.319829631105847501e-01
2.318535128931894507e-01 7.106815401502386553e-01 6.802404320776094249e-01 -6.801578647592358973e-01 -7.107056956435370276e-01 -2.319981964596190549e-01
2.319359445432398470e-01 7.100689257834353896e-01 6.796475592729080972e-01 -6.796396881759318997e-01 -7.100564380898579664e-01 -2.319339485136471257e-01
-2.319855332362178446e-01 7.094663429490746243e-01 7.094501424536645562e-01 -2.319310500047138679e-01 -6.790717303170805685e-01 -6.791052055482167393e-01
2.507284422176845329e-01 7.125941901910787246e-01 6.680599797821241692e-01 -6.888027852557319086e-01 -7.049070758285393978e-01 -2.135971355395670790e-01
2.320247401265157494e-01 7.082703873895610514e-01 6.780356501397508673e-01 -6.780402762657493643e-01 -7.082728995031912778e-01 -2.320177814385270820e-01
2.320749748404268842e-01 7.076975620253417310e-01 6.775354567699956032e-01 -6.775431806085694397e-01 -7.076904365609002490e-01 -2.320566227930143111e-01
2.258819042078252237e-01 7.059072424663164202e-01 6.804566508470322184e-01 -6.735068257753991094e-01 -7.083775990153311497e-01 -2.383564484804170935e-01
2.321628921373377064e-01 7.065894868438635790e-01 6.765753066095416823e-01 -6.765695980327115500e-01 -7.065930883335376222e-01 -2.321818466100628586e-01
2.322590655017532923e-01 7.060744829734117989e-01 6.760902687075049933e-01 -6.761093977148477929e-01 -7.060576127644930811e-01 -2.322118208520721483e-01
2.322732652436376166e-01 7.055423393112441044e-01 6.756734182716666037e-01 -6.756400813095331248e-01 -7.055568057430758877e-01 -2.323469413692795249e-01
2.324310840747100260e-01 7.050567373243765701e-01 6.751908759035888385e-01 -6.752325494945465856e-01 -7.050353183920445854e-01 -2.323402225099030771e-01
2.324347044132502038e-01 7.045510480757327665e-01 6.748061122639879006e-01 -6.747738303127788217e-01 -7.045687023533716564e-01 -2.325005515803444389e-01
2.325575466845074546e-01 7.040861982382888851e-01 6.744019212235927707e-01 -6.743724389016889642e-01 -7.040832150234150877e-01 -2.325757099143317408e-01
-2.326614437077302033e-01 7.036326983117187073e-01 7.036161553902913202e-01 -2.326579825064148122e-01 -6.739941852364506047e-01 -6.739889435492782965e-01
2.327260456944491573e-01 7.031763564006027201e-01 6.736439474721744869e-01 -6.735896170814508199e-01 -7.031810722766125288e-01 -2.328113594945970533e-01
2.328366019912285756e-01 7.027444653642347383e-01 6.732578033664483597e-01 -6.732133066083499928e-01 -7.027539727756959564e-01 -2.329090844932243942e-01
-2.329419049677767251e-01 7.023152343856668978e-01 7.023515117836635069e-01 -2.330306436713120988e-01 -6.728989639005522605e-01 -6.728707920109173735e-01
2.330900689640104384e-01 7.019367504543505554e-01 6.725645324221343202e-01 -6.725275791828153604e-01 -7.019246669725535126e-01 -2.331282407078146268e-01
2.332139596288870242e-01 7.015412869135775331e-01 6.722369083924408795e-01 -6.722119002862466663e-01 -7.015489745845281400e-01 -2.332708578377200581e-01
2.333645678323126860e-01 7.011743912913658283e-01 6.719054079992321515e-01 -6.719066903532460167e-01 -7.011767802715163089e-01 -2.333682042698753123e-01
2.364782689967677709e-01 7.012983201615294870e-01 6.700129633177536181e-01 -6.733069197379080162e-01 -7.002560534710711160e-01 -2.305482055270887121e-01
2.336653246107202597e-01 7.004749146621225275e-01 6.713148832700388535e-01 -6.713170463894354567e-01 -7.004734178465019667e-01 -2.336524199063552965e-01
2.338266242821438468e-01 7.001453194265322422e-01 6.710348568407271674e-01 -6.710684468808791880e-01 -7.001411112146357363e-01 -2.337869689267138285e-01
-2.339785480532609041e-01 6.998384145556847402e-01 6.998160629797711696e-01 -2.339561409966460226e-01 -6.707991146153795547e-01 -6.708098091745413605e-01
2.341361161120052992e-01 6.995325708449542379e-01 6.705467066931956044e-01 -6.705644257901952621e-01 -6.995391986735138845e-01 -2.341178773461731200e-01
-2.342808756852368113e-01 6.992431345969774004e-01 6.992507777213186060e-01 -2.343038015384141526e-01 -6.703405340073425034e-01 -6.703253375307394180e-01
-2.344652448321761229e-01 6.989907873731759924e-01 6.989870419148547231e-01 -2.344752936327597070e-01 -6.701193819269799512e-01 -6.701087590950315365e-01
2.346662582668914698e-01 6.987659569138409132e-01 6.698968290356925870e-01 -6.698859369662049090e-01 -6.987468639923908320e-01 -2.346065074216867608e-01
-2.348300687348120752e-01 6.984994669744252205e-01 6.985035570608586486e-01 -2.348356935828292691e-01 -6.697502889690839512e-01 -6.697359604583863479e-01
-2.350244258115160023e-01 6.982932888353637901e-01 6.982948965539034214e-01 -2.350007714346775967e-01 -6.695627381764852615e-01 -6.695617276777507954e-01
2.351988852758244430e-01 6.980878455213439526e-01 6.694064787017615092e-01 -6.694149460946112740e-01 -6.980989813062388194e-01 -2.351952397192146882e-01
-2.353651308536806597e-01 6.978908280105906581e-01 6.979347701098452816e-01 -2.354393124452544561e-01 -6.692754436830036235e-01 -6.692658277874437012e-01
2.355614612580293477e-01 6.977382530241722502e-01 6.691693471553983308e-01 -6.691316072715647323e-01 -6.977575564855081902e-01 -2.356505010433441183e-01
-2.358146605066941959e-01 6.976076884796560407e-01 6.976083228309822859e-01 -2.358079255711262034e-01 -6.690305650644730040e-01 -6.690306839010128348e-01
2.360429012430283746e-01 6.974792136132892395e-01 6.689237082727412798e-01 -6.689555389987249523e-01 -6.974647940921721023e-01 -2.360106341777599148e-01
-2.361870260955481471e-01 6.973610315411498117e-01 6.973404690518416604e-01 -2.363129942377514559e-01 -6.689369377255964810e-01 -6.688227480620335674e-01
2.364408313731910516e-01 6.972605426216702540e-01 6.688113685098837635e-01 -6.687858855039272576e-01 -6.972699845857741607e-01 -2.364636829310917676e-01
2.366274305193117877e-01 6.971850610322225528e-01 6.687798954419276187e-01 -6.687102674712741557e-01 -6.971995535929087495e-01 -2.367211753580689970e-01
-2.368338917730480886e-01 6.971324774217209086e-01 6.971524944638769483e-01 -2.369667068761201201e-01 -6.687472930627574863e-01 -6.686799816442421385e-01
2.371471041153150328e-01 6.971111565743430827e-01 6.686837463343033860e-01 -6.687045169777394715e-01 -6.971029373366484094e-01 -2.371269312572386601e-01
2.373389162693510801e-01 6.970989288660012217e-01 6.686972736588432387e-01 -6.686823766594678364e-01 -6.970900006880147437e-01 -2.373599312639216308e-01
2.375915974214670712e-01 6.970904737308181165e-01 6.687038779290792601e-01 -6.687066055063317638e-01 -6.971056455406674512e-01 -2.375838945225068333e-01
2.377710244651277116e-01 6.971078155993767345e-01 6.687565103242550935e-01 -6.687198260308883091e-01 -6.971306571297695154e-01 -2.378872252135656451e-01
2.380619613434640791e-01 6.971682469610790411e-01 6.687869371559884701e-01 -6.687686865216646570e-01 -6.971801294818310568e-01 -2.380745370924315929e-01
-2.381956585124763714e-01 6.972258824667844079e-01 6.972311571815164033e-01 -2.384579394228841798e-01 -6.689438517117665128e-01 -6.687721452115948928e-01
6.689265618702975313e-01 6.689417256159997383e-01 2.385696292710292044e-01 -6.973301352995642244e-01 -6.973378234561751210e-01 2.385454975824059520e-01
-2.387896408250825275e-01 6.974465379924539299e-01 6.974420007526382914e-01 -2.388266769815386437e-01 -6.690545532723779498e-01 -6.690418659392984857e-01
2.389402310023489018e-01 6.975300784446413216e-01 6.692434990010458495e-01 -6.691333150273857111e-01 -6.975929619498391077e-01 -2.391595876511898866e-01
2.393027049546538332e-01 6.977477219775340966e-01 6.693279333774184714e-01 -6.692840386374587780e-01 -6.977474936381860005e-01 -2.393353150937332363e-01
2.395630284340175553e-01 6.979386756672292247e-01 6.694797768886797673e-01 -6.694799429537892088e-01 -6.979300775475293372e-01 -2.395459998794894352e-01
2.398481040987265889e-01 6.981491206630721091e-01 6.695943370223478297e-01 -6.696610512211254029e-01 -6.981680981681591680e-01 -2.398099373547412094e-01
2.401177577716735456e-01 6.983800388643366386e-01 6.698242726658809598e-01 -6.698545746402455592e-01 -6.983677219915243040e-01 -2.400163408979098523e-01
-2.403468373497336663e-01 6.986530659676472022e-01 6.986249094851104680e-01 -2.403064141860239977e-01 -6.700642848699949194e-01 -6.700738750615684580e-01
-2.405512805163412815e-01 6.989099461600964958e-01 6.989247890074385960e-01 -2.406349575223296067e-01 -6.703443679926883725e-01 -6.703049698219576413e-01
-7.271042028590309070e-04 6.783465483576396338e-01 7.245975372074382470e-01 -4.858262721111222815e-01 -7.246241998501328219e-01 -4.871717437312964583e-01
2.410099480487605805e-01 6.995798721182755475e-01 6.708744376809003818e-01 -6.708117506623819670e-01 -6.996157062436323404e-01 -2.411724918823019426e-01
2.412795784360403095e-01 6.999840343585024272e-01 6.711812555341303277e-01 -6.710894822581255914e-01 -6.999782728627204076e-01 -2.413973253608340253e-01
2.415707329717273755e-01 7.003732586088962098e-01 6.714779379878904608e-01 -6.714607254680249326e-01 -7.003865268379982911e-01 -2.416240018585926186e-01
2.418385288281649781e-01 7.008524135780846986e-01 6.718455030587606736e-01 -6.717815745464069677e-01 -7.008290815980082744e-01 -2.418516805985299056e-01
2.420310801308068749e-01 7.012972624833659907e-01 6.722187285292802184e-01 -6.721779379305421465e-01 -7.013167866345284551e-01 -2.421521108597486927e-01
2.419411898928187921e-01 7.017500591164543833e-01 6.728055462946084253e-01 -6.724444801369779956e-01 -7.018658170007572306e-01 -2.426786221502547081e-01
2.425791761599787877e-01 7.023681408672246551e-01 6.729796555740021891e-01 -6.730178807447264600e-01 -7.023735282819780767e-01 -2.425164231847730112e-01
2.427707669808510105e-01 7.029400309376281353e-01 6.734634748880106159e-01 -6.734560748152155218e-01 -7.029572855914982821e-01 -2.428209786376591683e-01
2.430017999869690248e-01 7.035874200990952509e-01 6.739407551819395215e-01 -6.739064711164137744e-01 -7.035804624363871662e-01 -2.430357548708619031e-01
2.432221160314043118e-01 7.042520086301309323e-01 6.744264844784813029e-01 -6.744312478696217195e-01 -7.042471927381450669e-01 -2.432500495096054927e-01
-2.433958732132734948e-01 7.049480169044783917e-01 7.049687717840649182e-01 -2.434769245055000697e-01 -6.749881540744244734e-01 -6.749361357296288499e-01
2.436084275946432398e-01 7.057255880394506242e-01 6.754942158997716550e-01 -6.754920583473131845e-01 -7.057330605528819856e-01 -2.436283872288847185e-01
2.438487258416393300e-01 7.065226886102016213e-01 6.760820194282126661e-01 -6.761192865152720888e-01 -7.065170908455982168e-01 -2.437610122903914878e-01
2.439968697975810619e-01 7.073736894069295733e-01 6.766959087140695939e-01 -6.767242218026658929e-01 -7.073937004685562080e-01 -2.439684972912618544e-01
2.441264142773961476e-01 7.082760673951905561e-01 6.774066706786319170e-01 -6.773311999003845951e-01 -7.082937256509909130e-01 -2.442127783084478421e-01
-2.442620313277874544e-01 7.092486572979835868e-01 7.092498436875525059e-01 -2.443196984292010931e-01 -6.780539881022304982e-01 -6.780429095034953280e-01
-2.443634684670886736e-01 7.102507561191715446e-01 7.103009519943206396e-01 -2.444648300625232862e-01 -6.787563208032225681e-01 -6.787408315910163914e-01
2.445352303386491566e-01 7.113849746648547301e-01 6.794681994950269033e-01 -6.794993979422936370e-01 -7.113669159570770173e-01 -2.444996283547150595e-01
2.446676296602548484e-01 7.125239086586030446e-01 6.802443323837803479e-01 -6.802997147833579339e-01 -7.125255716940579465e-01 -2.445301112071991967e-01
2.446656323474447059e-01 7.137519113387810199e-01 6.810939831856694937e-01 -6.811035113067003266e-01 -7.137552695963560456e-01 -2.446263995180732731e-01
2.445822504193429781e-01 7.150646688736608247e-01 6.819715857542492099e-01 -6.819228404623687290e-01 -7.150711585810290982e-01 -2.447170762978564951e-01
2.447155663928535230e-01 7.164939501574931757e-01 6.828008871876946051e-01 -6.828231486743765455e-01 -7.164300453859907547e-01 -2.445902706096864110e-01
2.446240396187157606e-01 7.179208127648779580e-01 6.837318224030728420e-01 -6.837909878834732558e-01 -7.179139826999545448e-01 -2.446152164017268704e-01
2.444782156085001379e-01 7.195168434081731235e-01 6.847409044937244893e-01 -6.847362496418752942e-01 -7.195180457063570234e-01 -2.444618205861719962e-01
2.444290503526781733e-01 7.212132141463863944e-01 6.857157623828441517e-01 -6.857973930322871503e-01 -7.211679291857576724e-01 -2.442216384608024704e-01
2.440659285988117100e-01 7.229846041955082514e-01 6.868217515701767750e-01 -6.867738226497442922e-01 -7.230190195390679975e-01 -2.441668224457664016e-01
2.438338123918294409e-01 7.249284843957513047e-01 6.878517816743979774e-01 -6.878904796796171395e-01 -7.249328033188346954e-01 -2.437790001497833203e-01
2.434711980914172624e-01 7.269956160832906633e-01 6.889738641349203441e-01 -6.890357584496566989e-01 -7.269977725361784771e-01 -2.434072517541348846e-01
2.429490513535407237e-01 7.292223010474442324e-01 6.901778378784924062e-01 -6.901445892128839077e-01 -7.292255130531579699e-01 -2.429442570857650030e-01
2.423318539699175767e-01 7.316262112903242354e-01 6.913689132105382829e-01 -6.913322469004598014e-01 -7.316335510982800994e-01 -2.423629668681483440e-01
-2.416209439595316533e-01 7.342507755106588707e-01 7.342368311696811922e-01 -2.416015768574016065e-01 -6.925509106173598495e-01 -6.925674299857994543e-01
2.406460318929996567e-01 7.371005729744848356e-01 6.937863230508046763e-01 -6.938045658963574169e-01 -7.370867502497979729e-01 -2.406625411611018617e-01
2.394940401658491036e-01 7.402176242105058535e-01 6.950311198661087708e-01 -6.949912415249974718e-01 -7.402276193562786766e-01 -2.395292839242180172e-01
2.380869480234134028e-01 7.436851124340102537e-01 6.961741470472437854e-01 -6.961930925111979862e-01 -7.436857450856644292e-01 -2.380241194467221377e-01
2.362199260393791356e-01 7.475451362685430201e-01 6.972627628766854269e-01 -6.972514958782374261e-01 -7.475485322799323429e-01 -2.362166960557451345e-01
