8.075770153850001520e-01 -8.802263595907442451e-01 -4.924452841730961872e-01 -2.476593200810638107e-01 -3.008908547767940589e-01 1.165267081030025631e+00 6.735043684132706598e-01 4.226655271630096466e-01
1.033223122640480884e+00 -1.113272347375035665e+00 -4.733406725253310743e-01 -3.947526801147931419e-01 -1.185554705600040837e+00 1.258410345950017106e+00 4.298797232924101985e-01 4.498738898623297899e-01
1.154887080825540480e+00 -9.789344016314745212e-02 -5.204585963611858823e-02 -6.711459100107867171e-01 -7.517118427389960500e-01 4.465792951069345595e-01 5.542699062882032734e-01 6.212576035335872771e-01
3.744055253063446886e-01 -8.045585940415341808e-01 -6.873812973022002115e-01 -3.213871309776836771e-01 -3.797602979062812967e-01 8.067008584829418183e-01 6.874529541412091049e-01 3.221344395237384362e-01
7.786769038168490642e-01 -3.877894277973494841e-01 -3.422642696245272731e-01 -6.902417046211870577e-01 -7.813329670921009829e-01 3.903184231495464562e-01 3.456996936842993140e-01 6.886219287965960056e-01
1.961990600017193831e-01 -7.998431962467718037e-01 -7.858774687684682014e-01 -1.930423577265714119e-01 -1.965333894337391030e-01 7.999342486877836222e-01 7.863206298296645524e-01 1.930072590225528906e-01
-3.800214463183143598e-02 -8.225669683577097047e-01 -8.094582651868096335e-01 3.626439955413564287e-02 3.484415897249146243e-02 8.214766302701623779e-01 8.084981951815546353e-01 -3.502908548221789209e-02
4.032323120486729362e-01 -7.186199729114770562e-01 -7.584945606310378174e-01 -1.282850874246411754e-01 1.948014216538679344e-01 7.024079456944161137e-01 1.592736112649017599e+00 9.691394522049190385e-02
6.717577004780256322e-01 -5.319149465640373720e-01 -7.616871126134241443e-01 -3.987871606602613056e-02 1.785029039975427056e-01 1.252045433235096983e+00 6.719298965644510124e-01 -5.320712505326199437e-01
-6.290190546391435378e-01 -8.076717192642731691e-01 -5.504387349544945796e-01 4.308755969333854519e-01 6.396913699192403602e-01 7.987703546202647997e-01 5.480129155009643149e-01 -4.366150496374296419e-01
1.010353452658306062e-01 -8.015890619228871472e-01 -8.184749965148209183e-01 -1.039613803483627336e-01 -1.056661581292089869e-01 8.032808773914051903e-01 8.154173739237782215e-01 1.058844264912293387e-01
2.070693782655178700e-02 -8.153712997247062333e-01 -8.167752535977524930e-01 -2.190465846258211891e-02 -2.308152430192145221e-02 8.154801100308265438e-01 8.152614789321761535e-01 2.171778190049220014e-02
7.763181378424826029e-01 -9.100000841588818945e-01 -5.007814677147541804e-01 -4.297453270454413277e-01 -7.818469437561808011e-01 9.105514115329105262e-01 5.025424928913044820e-01 4.272242598747893472e-01
2.837035297398773359e-01 -7.668896919966748937e-01 -7.656390523193051800e-01 -2.825334779291048259e-01 -2.821015395897529254e-01 7.667694100518135381e-01 7.663184931472863948e-01 2.826540640205009725e-01
3.420471931560826739e-01 -7.427300448276832334e-01 -7.449260096395868835e-01 -3.349234667076235183e-01 -3.267967026780744799e-01 7.400725464060080583e-01 7.514971533919854174e-01 3.405534446738507359e-01
5.450373871719738084e-01 -7.477679273026736073e-01 -6.020453448400282515e-01 -4.370798248573282141e-01 -5.341170096718580451e-01 7.466638777033217655e-01 6.030747607644721953e-01 4.323230582290116253e-01
3.667426852482902344e-01 -7.915883186988745823e-01 -6.922214362406666766e-01 -3.114230276187733848e-01 -3.573660833464354925e-01 8.014322453898208298e-01 7.037594718311823705e-01 3.292798285675638814e-01
3.088950717996855611e-01 -7.583728293837359580e-01 -7.551444273294167786e-01 -3.116011583578757183e-01 -3.397112132700477183e-01 7.522284007861483879e-01 7.410273518657999325e-01 3.288690511931418037e-01
1.697374417206784225e-01 -7.991762876182583186e-01 -7.914138055806466676e-01 -1.571036906150741208e-01 -1.819773649991361930e-01 8.112997650648343662e-01 7.898053099976373170e-01 1.850665723895792980e-01
2.702051175970854313e-01 -7.769234174316499431e-01 -7.656246370388654077e-01 -2.673663028715891898e-01 -2.795115602745251726e-01 7.784979402532696824e-01 7.625336151124753048e-01 2.712188989443621301e-01
4.754513226244458934e-01 -7.995923208272648353e-01 -6.255536980421827487e-01 -3.696410817076341004e-01 -4.955890697980462889e-01 7.966463459765242838e-01 6.364969343989994588e-01 3.885425131974049595e-01
2.855970808955932139e-01 -9.718956566242074047e-01 -7.697752365241727901e-01 -4.052462767031798085e-01 -1.334225081900711207e-01 7.237500762630847406e-01 7.306368671535263815e-01 -5.098812157025169045e-02
-2.931195617367585715e-01 -7.535213879162743211e-01 -7.719352927809501885e-01 2.996406110528905264e-01 2.826876497290323753e-01 7.526115991855375498e-01 7.745778184654801279e-01 -2.945049705590383482e-01
-2.684158437140573561e-01 -7.721869203669645687e-01 -7.721807654831190915e-01 2.684150466976591431e-01 2.683886798852508360e-01 7.722058221196483885e-01 7.721777581922207867e-01 -2.683711298798573952e-01
2.682725494453709891e-01 -7.725527291937834828e-01 -7.720173447361404762e-01 -2.681227407350713077e-01 -2.692954868790534695e-01 7.727406647627610425e-01 7.716127451106575830e-01 2.687287657818572262e-01
2.675917648275597527e-01 -7.729005593030098265e-01 -7.722468958273542849e-01 -2.675076552665348051e-01 -2.685075672231688193e-01 7.731515411041329777e-01 7.719671788440314320e-01 2.678764603421100454e-01
2.650421821978302117e-01 -7.708346359175163309e-01 -7.718779740471022333e-01 -2.639121441312773930e-01 -2.694268010637081434e-01 7.759967678375123690e-01 7.698988502413053325e-01 2.702783298125030487e-01
-4.992229717013024204e-01 -5.016492535563985555e-01 -7.197977090283266266e-01 7.160466755569618869e-01 4.996865493331757446e-01 5.021506318602780850e-01 7.194604734031349036e-01 -7.166236373073358035e-01
4.917773549119616172e-01 5.239988551365738489e-01 -4.892558177725046531e-01 -5.183265700688102218e-01 -7.273713940688218971e-01 6.849904779833047019e-01 7.235189962744299486e-01 -6.819452113097265178e-01
4.069660442562842428e-01 6.215360452100402444e-01 -4.417536461086640776e-01 -6.424349279483427821e-01 -7.577556139853731665e-01 4.938602308659019169e-01 7.539541613169664647e-01 -4.978961870032023729e-01
7.718923964665111992e-01 2.664709672292738807e-01 -7.741288741070336821e-01 -2.916435616951417176e-01 -2.778895668074279901e-01 7.606402416389890231e-01 2.752369727115698272e-01 -7.743122408507119303e-01
8.684654566829634881e-01 -4.833974942912300232e-01 -8.581140259878219378e-01 5.245495832283986193e-01 3.608234155463855286e-01 6.170347684987809167e-01 -3.549261897808392296e-01 -6.255868823632302345e-01
7.749580925601149417e-01 2.628547436156147832e-01 -7.749749334095948905e-01 -2.628314558297881742e-01 -2.628065909962536417e-01 7.749706858387361841e-01 2.628554170736782103e-01 -7.749323773509533275e-01
7.753408385921694013e-01 2.619627546502859561e-01 -7.753627038867555443e-01 -2.619691976258910482e-01 -2.619764766556146873e-01 7.753511916872886101e-01 2.619501197320140973e-01 -7.753761230504466750e-01
7.815095256432451620e-01 2.281483028854426887e-01 -7.803531583885425782e-01 -2.363217185878425108e-01 -2.422310031669608343e-01 7.854642054256664174e-01 2.362882731065939490e-01 -7.832884621513445111e-01
7.760924105662587724e-01 2.604052414130483828e-01 -7.761020121496128299e-01 -2.604085808665558277e-01 -2.604323121210460612e-01 7.761299136366528462e-01 2.604121261170492807e-01 -7.761129275821219142e-01
7.765160249225900868e-01 2.594634010179436290e-01 -7.765010130961056412e-01 -2.594643591406141647e-01 -2.594883474720303118e-01 7.765580673796832478e-01 2.595125869597000312e-01 -7.765589192550800268e-01
2.661621693346492012e-01 7.765545453982460877e-01 -2.672068227648175531e-01 -7.752251469079816104e-01 -7.738961385379166114e-01 2.665799426299625408e-01 7.732836334374850740e-01 -2.646144933561558332e-01
7.774415928570601597e-01 -2.575872412599164440e-01 -7.773633948355925805e-01 2.575403370030716066e-01 2.576045728526147882e-01 7.773970756067629662e-01 -2.575568960627120929e-01 -7.773508147016425784e-01
2.634593916855202389e-01 -7.853650861392176274e-01 -2.855392727848128365e-01 7.642519482072429593e-01 7.580939463589915217e-01 2.542798038210788425e-01 -7.870937363461645297e-01 -2.945572387267352266e-01
7.783087415890752592e-01 -2.554758313862776076e-01 -7.783200563893309942e-01 2.554950978417419027e-01 2.554615084336183117e-01 7.782869400057874643e-01 -2.554817819370124310e-01 -7.783082924357422883e-01
8.101371088377791185e-01 6.379125758946302405e-02 -8.085412905002287154e-01 -5.613415053562759160e-02 -5.998553716975798394e-02 8.123425675995666895e-01 6.458324162509787580e-02 -8.101024348727154933e-01
2.532818791873728825e-01 -7.792526996449392618e-01 -7.792587847892640252e-01 -2.532847330101069550e-01 -2.532760063069809942e-01 7.792557877791874699e-01 7.792510371925174262e-01 2.532587072761656177e-01
-2.518468687310183585e-01 -7.798412088084941685e-01 -7.797489361511903416e-01 2.519155480146497705e-01 2.520004890677700615e-01 7.797617540205644682e-01 7.798601661138033769e-01 -2.519839351962173679e-01
4.072629439125332595e-01 -6.070792465832837159e-01 -8.049481924938977073e-01 -5.728323774977401861e-01 -4.022744331485021974e-01 6.083440436663920536e-01 8.381252848345761564e-01 5.274238098538956976e-01
1.085555137777173940e+00 7.605655343966266635e-01 -6.125822970839593928e-01 -6.383532405408296473e-01 -4.533152174927927991e-01 7.629207516633678132e-01 5.764081215489058607e-01 -1.773640624749853734e-01
7.813081964228050236e-01 2.481632557758157720e-01 -7.813874787797565613e-01 -2.481369286028900500e-01 -2.482163898855387907e-01 7.813684762008874518e-01 2.481045467802948934e-01 -7.813104442762145441e-01
7.770402891743475315e-01 2.576449391401626210e-01 -7.779760147771185297e-01 -2.570399781797349514e-01 -2.622334886222857930e-01 7.802671690383196079e-01 2.563901483913688661e-01 -7.805535180537261919e-01
8.816190729456796840e-03 -8.109936692632192523e-01 -8.102598529339611888e-01 -7.954237068772740393e-03 -7.373467265096908703e-03 8.107621897624267548e-01 8.108243308913170022e-01 7.724268999951079684e-03
6.783361644943344260e-01 3.786569533167574164e-01 -6.749169485321444562e-01 -3.719839696324508949e-01 -4.779179012866704435e-01 7.893127827543179320e-01 4.139999253888377861e-01 -7.783757088607776708e-01
-2.420092111202210017e-01 -7.836925292943865973e-01 -7.836738721683398357e-01 2.420540499111882848e-01 2.420527027041966817e-01 7.837116865624705886e-01 7.836831933682317786e-01 -2.419869808862513128e-01
7.831716215231170342e-01 2.400870171957223409e-01 -7.825925881058699574e-01 -2.391106702611491830e-01 -2.394235298416258484e-01 7.859054012587309845e-01 2.412416081882455821e-01 -7.859433684495147343e-01
7.849631462551259764e-01 2.384514048389121954e-01 -7.849333221668670646e-01 -2.385491087809656907e-01 -2.385619740914655118e-01 7.849458471686465710e-01 2.384534107896152111e-01 -7.849967913636833883e-01
7.779285449137757213e-01 -6.112785286221915637e-01 -7.849912350771905967e-01 6.336221915465816146e-01 4.466572272738458249e-01 5.802825314951012281e-01 -4.574650177317763355e-01 -5.732875496079821165e-01
7.862469254580440881e-01 -2.347922112910259540e-01 -7.863306484311916034e-01 2.345484849730130883e-01 2.345632873488756598e-01 7.862323267139532668e-01 -2.347125960663943578e-01 -7.863530606763342590e-01
5.728380471396199436e-01 -4.584211451516546632e-01 -6.072745778180990150e-01 4.510588487455398088e-01 6.324676533937765299e-01 7.600393250341654916e-01 -5.560833383560583876e-01 -7.844090677761705876e-01
7.884079085553434840e-01 2.293614491415262302e-01 -7.877044752715121056e-01 -2.294570997488796782e-01 -2.288063997348830370e-01 7.873578909670937431e-01 2.301095371942619150e-01 -7.881905339698876967e-01
7.882073843633097265e-01 -2.296229029552976919e-01 -7.878734629083008478e-01 2.285307525222173841e-01 2.292305480911203674e-01 7.880864004737619943e-01 -2.293281990233457246e-01 -7.892931766249997594e-01
8.096788087315190952e-01 -2.191829566077767993e-02 -8.099891671567318596e-01 1.604696192659015030e-02 1.863923361608529894e-02 8.084850112138788347e-01 -2.014372278983510983e-02 -8.107512141821492380e-01
7.899245458484160931e-01 -2.232702291696840313e-01 -7.899285907307838084e-01 2.232067591547765573e-01 2.232222154375221035e-01 7.899371718957219901e-01 -2.232117813104981252e-01 -7.899846395685121703e-01
7.907143897163981805e-01 2.205912174652040758e-01 -7.906991459379495435e-01 -2.205754060770627745e-01 -2.205767474677943762e-01 7.907338165144075504e-01 2.205907519608732714e-01 -7.907331389829712620e-01
7.915199227570552942e-01 -2.178513753207320103e-01 -7.915386149106076186e-01 2.178027995164810160e-01 2.178268776880960544e-01 7.915120606326739860e-01 -2.178260887409740609e-01 -7.915153897200883915e-01
7.908182857520429376e-01 2.230020765496174839e-01 -7.904646822729726185e-01 -2.261179051592356326e-01 -2.236477424560500138e-01 7.898565089642035630e-01 2.252822054329832180e-01 -7.912509970072812981e-01
7.932087773599403313e-01 -2.118580976790963022e-01 -7.931823740048409288e-01 2.118360548107749430e-01 2.118739608984278600e-01 7.932231962411868675e-01 -2.117937363067072254e-01 -7.931761262039622729e-01
7.938841014932764839e-01 2.052424423194898762e-01 -7.943077538178894281e-01 -2.041990412020507906e-01 -2.046141643220550366e-01 7.953618020296211455e-01 2.037827673331467082e-01 -7.960716745226350533e-01
7.949824495218102971e-01 2.048865403898125492e-01 -7.949851365805465919e-01 -2.048759521693607477e-01 -2.048990182321628606e-01 7.949663529553989694e-01 2.048972988489784486e-01 -7.949948551539618435e-01
7.930755946282737057e-01 2.135013125782587728e-01 -7.971723043231380146e-01 -2.081929085420466952e-01 -2.152583513352757105e-01 7.977761094872346526e-01 2.014262615360488118e-01 -7.910402329723416059e-01
7.968750154279524711e-01 1.973325232268207108e-01 -7.968422119710392160e-01 -1.974114857335844131e-01 -1.973716443185656866e-01 7.967789583293369837e-01 1.973816600280872691e-01 -7.968116621331788885e-01
7.978111030054401143e-01 1.931065462257397780e-01 -7.977792515372748028e-01 -1.931450527590912736e-01 -1.931205980841856906e-01 7.977993305221905418e-01 1.931266698922287917e-01 -7.977897581601096633e-01
7.987871225000733322e-01 -1.885864761667725709e-01 -7.988115840851082172e-01 1.885041823752793000e-01 1.885782475135263370e-01 7.987723730441353975e-01 -1.885376459338701793e-01 -7.988310610945728030e-01
8.112676866427760425e-01 2.682151358014917691e-02 -8.103484412981516449e-01 -2.965955727500180564e-02 -2.688160224630629924e-02 8.099943133613350943e-01 3.127907386194535982e-02 -8.108961112957573381e-01
-2.655523509309556385e-01 7.678837500961090967e-01 -7.665024461276419565e-01 -3.421707915786829091e-01 7.998500540651458657e-01 3.205321854585537755e-01 3.486880750385399352e-01 -7.580330899525073995e-01
8.019143393232410766e-01 1.731315633572464430e-01 -8.019152350597769097e-01 -1.731305581541933147e-01 -1.731054785055162748e-01 8.019366052398401168e-01 1.731711142998003106e-01 -8.019294523216513593e-01
8.038152511866840655e-01 -1.673401977287750642e-01 -8.019126755783202443e-01 1.682510797084726117e-01 1.705702198150711169e-01 8.035133699614558367e-01 -1.676514022908701107e-01 -8.033024637742003371e-01
-1.604550477236952599e-01 -8.041720562578462683e-01 -8.041680730680229594e-01 1.604369339040660480e-01 1.604727158508245932e-01 8.041726231695365268e-01 8.041891312280925463e-01 -1.604874289552921107e-01
8.053493504842504924e-01 -1.533030861116677634e-01 -8.053506359762703237e-01 1.533232891970403022e-01 1.533316387948669424e-01 8.053484614287316212e-01 -1.533127102839326739e-01 -8.053401744981295574e-01
8.060916688016734888e-01 -1.553072391384042183e-01 -8.059567702060430605e-01 1.608105692988894830e-01 1.571039769696143118e-01 8.060305014146280644e-01 -1.627126999317327072e-01 -8.025780578506505059e-01
-1.364914870935408642e-01 -8.078015969865217638e-01 -8.078191034939929960e-01 1.365161987310690994e-01 1.365014113993714973e-01 8.078169959339340789e-01 8.078071864570008920e-01 -1.364433307521222827e-01
8.097264352424617950e-01 -1.179641307884920498e-01 -8.097926976098182017e-01 1.166245153399711465e-01 1.171831298656987458e-01 8.094854667401744086e-01 -1.176769668921322509e-01 -8.098244053245720053e-01
8.104144961873254172e-01 1.151344762108295061e-01 -8.104285532797482761e-01 -1.152040648502479780e-01 -1.151887114807768620e-01 8.104127005093610947e-01 1.151619791485397754e-01 -8.104351236446604156e-01
8.117962643565603820e-01 1.016185144875030866e-01 -8.117682039421214579e-01 -1.016349359872506242e-01 -1.016248451085457749e-01 8.118146724919708124e-01 1.015925192662640586e-01 -8.118269662840060796e-01
8.127499168228005111e-01 9.651989888125836470e-02 -8.125242819588005538e-01 -9.785263348227928037e-02 -9.659284332912451698e-02 8.124658954870647154e-01 9.723321287609168473e-02 -8.129435306921308779e-01
8.146838801705000854e-01 -6.390247889622052702e-02 -8.146768784743927405e-01 6.389314448486582698e-02 6.388139793478933570e-02 8.146707518573046425e-01 -6.389653872307324289e-02 -8.146834570522361041e-01
6.116171753887229834e-02 8.149872128479045408e-01 -6.389098242203888889e-02 -8.162197420811168058e-01 -8.156149657198550340e-01 6.101505245183358461e-02 8.147464451929340434e-01 -6.481031080981081161e-02
5.561768916360119164e-01 5.494659500915768380e-01 -4.666739571578084611e-01 -5.140618514061345845e-01 -8.269450734901442335e-01 7.275244884213345475e-01 8.040895172338258234e-01 -7.822489739512827889e-01
6.246199518575820120e-01 6.803997928365790315e-01 -4.177733762145225405e-01 -2.035085506990260695e-01 -8.910896836331458903e-01 8.186717268296481720e-01 7.717306551251813529e-01 -8.196955608805978066e-01
8.188688796144587556e-01 1.069501432819329196e-04 -8.188487898068874671e-01 -1.331968593542301135e-04 -1.849988721397287286e-04 8.188357921230515757e-01 9.764389287028602113e-05 -8.188497651099614361e-01
8.068565883962584007e-01 9.789602845066103232e-02 -8.201525929558193262e-01 -4.021193861047393792e-02 -1.369449626260730857e-01 8.242706435459998815e-01 8.269171793974205986e-02 -8.108565516694237196e-01
8.210154112225561684e-01 5.933700830878419971e-03 -8.208237050246245392e-01 -6.716417534579771642e-03 -5.918495090397204658e-03 8.208043952255537068e-01 6.557885473603432790e-03 -8.209616455192705331e-01
8.220718834195303026e-01 6.222610694368071451e-05 -8.220901516882628268e-01 -4.909013768677159028e-05 -7.140848370556299445e-05 8.220698487250888142e-01 2.387113469617866519e-05 -8.220841160975775885e-01
8.373033950148991433e-01 6.748069202969780855e-02 -7.891584928904544771e-01 -5.363667914526837333e-02 -1.688713952702282362e-02 8.238502109682019903e-01 7.467788781750350768e-02 -8.264470936296149928e-01
8.248040379943724076e-01 -8.800615243094667139e-03 -8.248466380437551315e-01 1.014901542497325532e-02 2.262996217280213718e-02 8.258533907617970904e-01 -1.285338784195191181e-02 -8.227862980716356134e-01
8.263240119803808570e-01 -6.486684800932782102e-02 -8.237925484426805722e-01 7.352671172989627690e-02 7.414573858489681424e-02 8.271505489925072840e-01 -6.170581515498147623e-02 -8.247657412630324814e-01
8.320733987759630912e-01 1.055165534496372848e-01 -8.360755828972814552e-01 -8.712587166716470599e-02 -7.451455722379983493e-02 8.303271790997223123e-01 7.445153943324331336e-02 -8.203502754654390383e-01
8.281372083703824050e-01 8.370512617241859799e-02 -8.284329252584434755e-01 -8.581918425421594665e-02 -8.083900159818693809e-02 8.271812275887096000e-01 7.845744570845210319e-02 -8.297270757698683719e-01
8.134058007455000627e-01 7.432087057673547603e-02 -8.368506233314573217e-01 2.173265524931001225e-01 -7.484906289662968462e-03 8.658838129053481047e-01 -7.709745965949221791e-02 -8.099218209315791617e-01
8.317041136248002342e-01 -1.489409049075972324e-02 -8.404938956749987700e-01 -6.293088948837613147e-03 -3.572464835433283858e-02 8.311866942671974900e-01 6.910345974648670828e-03 -8.383756592137230346e-01
8.425137126477959537e-01 -5.761801017499283001e-02 -8.319887167428815511e-01 2.687909200065632387e-01 1.277437197640475808e-01 8.597765039072856608e-01 -7.967336903767330281e-02 -8.035673698106053919e-01
8.494615071565450037e-01 -8.165889649835036956e-02 -8.324283251677129236e-01 1.757614097359104233e-01 1.190129812086963695e-01 8.481599060278846025e-01 -4.959238161266638079e-02 -8.260853648252612924e-01
