8.907257858609201051e-01 7.711460049955636276e-01 3.173727640281924778e-01 2.044694645176552417e-01 -6.372806359477560800e-01 7.997086825504373664e-01
4.023776694846881163e-02 2.681319445802510248e-01 -2.735694812183222524e-01 7.300853894116983156e-01 -3.512070359167834832e-01 -2.475816298630877099e-01
4.038355258060895292e-02 2.731379146028044547e-01 -2.762396485557166992e-01 6.954009956458905295e-01 -3.543400054092188389e-01 -2.530231998402625582e-01
-3.946018102811703621e-01 1.446421046024823354e-01 7.579561259780659421e-01 1.732543865013097539e-01 1.317816968138118550e-01 7.105283224896590255e-01
-3.985421594847181614e-01 1.405678779518195753e-01 7.653931339878543572e-01 1.692675348542711511e-01 1.397735202111858310e-01 6.841027142272873007e-01
7.947656066876369607e-01 1.593432120328198143e-01 1.945388799364498184e-02 7.064911932829458507e-01 -3.764302373091241716e-01 -9.883093543839076567e-01
7.712181979723391478e-01 1.660561328245516444e-01 2.002707481919308030e-02 6.935017218681451823e-01 -3.719290917646134176e-01 -9.620374087114710315e-01
-3.908513653918924136e-01 1.424791614943611007e-01 7.428106086450071421e-01 1.709164932671306814e-01 1.440148731632147627e-01 7.015144045841084086e-01
-1.703865659943877287e-01 7.849572555467076995e-02 8.881888574873531006e-01 -3.621810658509070358e-01 -9.931354562679894915e-01 1.828100756807149452e-01
-1.703865659943877287e-01 7.849572555467076995e-02 8.881888574873531006e-01 -3.621810658509070358e-01 -9.931354562679894915e-01 1.828100756807149452e-01
-1.698772177903351555e-01 7.846462947998296411e-02 8.909734888994311763e-01 -3.630837036981923172e-01 -1.039309319133525644e+00 1.825067521307894292e-01
1.894874246774707616e-01 2.750238613421863987e-02 5.428117741231658355e-01 -8.543150210497851837e-01 9.971600832219975619e-01 6.556743185085989190e-01
-1.771443031704031945e-01 7.706205356585310584e-02 9.014572323552880739e-01 -3.675172324248306976e-01 -9.823169542861145409e-01 1.854670410509182132e-01
1.930830922292283702e-01 2.718899904809256307e-02 5.514128896460395168e-01 -8.735119909792505855e-01 9.438539807711398000e-01 6.525043552438698491e-01
1.892054579493946675e-01 2.731955892752588669e-02 5.554204325872097447e-01 -8.733399417332665671e-01 9.746171797097825662e-01 6.504151295049637183e-01
-1.740999302600004239e-01 7.834327265522050832e-02 8.819480632985494672e-01 -3.644105654993606280e-01 -9.932121409264789147e-01 1.877075997442886057e-01
7.373813329013648721e-01 1.709728807889869806e-01 2.008883281467055415e-02 7.126194286839366843e-01 -3.881617214919270697e-01 -9.150829633001679175e-01
1.902663456323419322e-01 2.796811422539010467e-02 5.543161052869642891e-01 -7.935336423567105335e-01 9.660803223920370053e-01 6.661085898381194914e-01
7.896603264302932690e-01 1.602210014152245232e-01 1.988385744745343325e-02 7.418979445784890103e-01 -3.865203018369364196e-01 -9.078851921654682577e-01
1.928669897171357006e-01 2.760435266130447513e-02 5.415452411405428101e-01 -7.996550534511599473e-01 9.712386925545101191e-01 6.648740800830230668e-01
9.516417859275967395e-01 7.062692966338541822e-01 -7.070559423836245694e-01 -4.188148390288493061e-01 -8.871578601890801608e-01 1.964044700966995349e-01
-3.372278069930025324e-01 -5.893242753406335854e-01 -9.110848550864332207e-01 6.726255754114219831e-01 1.462569892876663946e-01 9.560292734550275284e-01
-5.917527945941432055e-01 8.847733567012827649e-01 -3.221293435472760147e-01 1.284293317754241492e-01 -8.957682093653231981e-01 5.000550548612926471e-01
-1.787462432404358093e-01 8.357399502222495613e-02 8.440825528167061886e-01 -3.770032722235695521e-01 -8.709573915329966720e-01 1.925155083778694598e-01
-1.776447664666093162e-01 8.147591374069254599e-02 8.428687387362028272e-01 -3.918910564438164990e-01 -8.650020401641516088e-01 1.872267586307978515e-01
2.001811845650345312e-01 3.155217683308304127e-02 4.277330169229579537e-01 -8.213923670960900925e-01 7.073690349703912750e-01 6.312058401142812691e-01
-1.792790426420418082e-01 7.819561938463967521e-02 8.542945054147307316e-01 -3.922752080129398022e-01 -8.609045404902249121e-01 1.930808410632444405e-01
-1.753846564920468754e-01 8.021993570632772463e-02 8.520702441008949357e-01 -3.779612995863034230e-01 -8.609300117603367886e-01 1.964808477423571620e-01
-9.626784658942524331e-01 -4.914811296424799469e-02 8.717523434448350983e-01 3.819341303908464075e-02 3.141939560252811070e-01 -7.021601664283667610e-01
5.980065822228730621e-01 9.322846781315638487e-02 3.442597457346600054e-01 -4.929014079409834714e-01 9.249343094643940333e-01 -8.974348135424610184e-01
-1.087295466390909675e-03 -9.110504256171414461e-01 -2.069225134516265163e-01 9.112484934729607744e-01 5.462967425542252231e-01 -5.573675355769618367e-01
-4.013458338702570738e-01 1.115794471152875555e-01 5.950691103664798032e-01 -8.121194727832155014e-01 -1.008406171039645471e+00 9.183575919664843656e-01
9.328452952041917934e-01 -7.715449942930806548e-01 -3.623507994414151834e-01 6.450352487533990153e-01 -9.688158361236618443e-01 1.670219568907578001e-01
-3.190690694732548627e-01 -7.285114344919685347e-01 -9.528698714321441887e-01 6.410070554860552994e-01 1.840924311199313435e-01 9.297441342935173214e-01
-9.333516545528529607e-01 -2.517715488118791312e-01 6.171086944429886589e-01 1.902837821963990761e-01 9.213637719371816637e-01 -6.628461545294881407e-01
-9.096154002686765994e-01 9.065836482012232800e-01 -5.429032449859496623e-01 6.655729098410409494e-02 1.616042705573459970e-01 5.206673595473449989e-01
-3.156118747180771678e-01 -7.220445257039800335e-01 -9.493532592532851755e-01 6.433209704064857259e-01 1.867589043377065605e-01 9.302829768296916324e-01
9.354146994036229845e-01 6.680758767184937774e-01 2.355233428020030439e-01 -2.562363704664337716e-01 -9.375210876932238424e-01 -6.786839928937771216e-01
9.362786983221851322e-01 6.681466209536515155e-01 -7.044787120129154534e-01 -2.822587905634286187e-01 -9.452852521525183516e-01 2.250621325882255774e-01
6.640659226809100257e-01 9.346444134909761559e-01 -9.397710269012992113e-01 2.260190618777792870e-01 -2.700232367404324929e-01 -6.884471504703177924e-01
-7.086126191282673403e-01 9.322916131563769859e-01 -9.455739839674434100e-01 -2.952846696434793250e-01 6.535991854588035777e-01 2.062948222094836970e-01
-3.063940507261219137e-01 -7.037319701556898899e-01 -9.420450990370675681e-01 6.404303010488747727e-01 1.845936247232057292e-01 9.296500435460441913e-01
-9.455371189573726909e-01 6.509089375416912127e-01 9.318201380288281266e-01 -3.002638268099286911e-01 2.009036732901894884e-01 -7.102164409894164976e-01
-2.559959186596537095e-01 -6.822290651511391246e-01 9.353690485354170248e-01 2.369442615145680442e-01 6.681426449266389955e-01 -9.392408483853618151e-01
-9.437516192982358110e-01 -2.861846523444823154e-01 9.348638341007065033e-01 6.625390104796227142e-01 2.171065569528225492e-01 -7.023812096091005541e-01
-6.790535801227692847e-01 9.374612918601096245e-01 -2.483840847607503566e-01 -9.385894138376973395e-01 2.491020719461137234e-01 6.772054104217573034e-01
9.381746432849575879e-01 6.785882745986171471e-01 2.486104396349674839e-01 -2.504750145380488791e-01 -6.795794288682375228e-01 -9.383142327735924937e-01
-9.387656457344744076e-01 6.806693866078212807e-01 9.387267263552898644e-01 -6.809347805272278897e-01 -2.509708148990744681e-01 2.504756697172069169e-01
-9.414839829484835665e-01 6.738614133140332640e-01 -6.920380561203565151e-01 9.372796795375264445e-01 -2.675312303619290510e-01 2.367499637760075160e-01
9.392711793397430231e-01 6.820086537147409533e-01 -6.842321660773229564e-01 -2.544829329677428809e-01 -9.396529880491949482e-01 2.498769817591159625e-01
6.880404608042441916e-01 9.406629382049901400e-01 -9.388674870532525141e-01 -6.801554785813412884e-01 2.592922241559571517e-01 -2.462853601597052577e-01
2.343299205132370888e-01 -2.719190878178299187e-01 -6.949050607559961179e-01 -9.421173021635558253e-01 6.745275884868996430e-01 9.378518254297629753e-01
-2.481496275738795942e-01 -6.824522501364382876e-01 -9.395760173826503969e-01 6.883990149014852511e-01 2.590554513683447357e-01 9.408118326364300898e-01
2.522272377076000272e-01 -2.575863053647580170e-01 9.404977961516272078e-01 6.859749991141153025e-01 -6.890256535406034111e-01 -9.411781393563078968e-01
-2.559940125547411904e-01 -6.890787981140700236e-01 2.554522452524514708e-01 9.411745781376249509e-01 6.885412129197667763e-01 -9.413455279419763455e-01
-9.415019090852172479e-01 2.568342158077774329e-01 -2.559895640574033626e-01 6.902470840191872181e-01 -6.895709519309911606e-01 9.416990205714865780e-01
-9.420694460858651809e-01 -2.577615522727280117e-01 6.907481367118516458e-01 2.565767087214517739e-01 9.418982667990176694e-01 -6.914914157031458730e-01
-9.423189813473815679e-01 6.923877340080435427e-01 9.423509504905113188e-01 2.580414177896245276e-01 -2.579311777646545734e-01 -6.923024920676286165e-01
-9.427318749324617997e-01 6.935094905281551370e-01 9.427029256274536140e-01 2.585809945398696019e-01 -2.589377926174326605e-01 -6.936360205974411164e-01
-9.431735883494440920e-01 6.948872133606243118e-01 9.431383916589990424e-01 2.594507468636393366e-01 -2.598813147867545803e-01 -6.950943642748512730e-01
-9.435839280676935337e-01 -2.604835512798704955e-01 6.962891882699233648e-01 2.605513631134142027e-01 9.435470798146758931e-01 -6.963526632530753213e-01
2.611611996661879487e-01 -6.979676301521393622e-01 9.440009849518722351e-01 -9.440402451922180749e-01 6.976814580627506146e-01 -2.618410327190713316e-01
9.444647985857794747e-01 -6.993027026966961435e-01 -9.444733312536044423e-01 2.624633415731740804e-01 -2.624273386171117051e-01 6.992875929341468844e-01
7.006564286185712476e-01 -7.009926975493425694e-01 -2.637210220256863691e-01 2.631426848191702472e-01 9.449002262308976441e-01 -9.449711267534555148e-01
-7.024146869380506475e-01 9.453963708120077802e-01 -2.644794780572125026e-01 2.644267829488843313e-01 -9.454085767744764279e-01 7.023668369272316747e-01
7.040313508661544262e-01 9.458992402744013095e-01 -9.459107731059468449e-01 -2.655567843763396718e-01 2.655086850814807331e-01 -7.040716220296728833e-01
3.919708423239531836e-02 9.070116006180137802e-01 -6.270045566149712313e-01 -9.326250886231108872e-01 3.890723145491228885e-02 4.996016864078572373e-01
-7.075089588416130226e-01 9.469381850117659649e-01 2.678049368400953201e-01 7.074996364250893954e-01 -2.677763515106075243e-01 -9.469434576937403314e-01
7.093313419539719611e-01 -2.690122769606418940e-01 2.689805545434187928e-01 -9.474822090623813420e-01 -7.093334930671204575e-01 9.474830671290275230e-01
9.480398158833915900e-01 -9.480412594691143280e-01 2.702061059347221628e-01 7.112009736097096857e-01 -2.702844115581758411e-01 -7.112267161117901138e-01
-2.716218358739442285e-01 -7.132227704671108004e-01 -9.486302383778756342e-01 7.131375177437172530e-01 2.714714287075591370e-01 9.486119286266301298e-01
-7.152198416942290304e-01 9.492119982199738182e-01 -2.729286247524190800e-01 -9.492185562851711556e-01 7.151815049989206363e-01 2.728565507219744557e-01
2.743859518380018514e-01 -7.173026083442564094e-01 9.498466954094180181e-01 -9.498313964756632810e-01 7.173690230153455527e-01 -2.742663308972078662e-01
2.758161546251640672e-01 -7.194991830978645364e-01 9.504775998055412511e-01 -9.504728471565828674e-01 7.195283837131029037e-01 -2.757605986736396675e-01
-7.218280366425959826e-01 7.217657188338919561e-01 9.511338156097781660e-01 2.772568036508901157e-01 -2.773913968182882828e-01 -9.511447608505640972e-01
-7.241982767187504777e-01 9.518301620657944051e-01 2.789516920946427669e-01 7.241863162888662053e-01 -2.789453222558492262e-01 -9.518330608057199438e-01
-7.266701625867331149e-01 7.266586884835604110e-01 -9.525426248115120842e-01 -2.806433044962934886e-01 2.806117593455773607e-01 9.525417804471987271e-01
2.823945529041188562e-01 7.292470255167600168e-01 9.532799543371429651e-01 -2.824088375476652146e-01 -7.292581951236343230e-01 -9.532829474875850195e-01
9.540514134208553099e-01 -7.319804031529204558e-01 -2.842846608179107615e-01 2.842647420674034864e-01 7.319618864631380895e-01 -9.540562631165889762e-01
7.347980092341580560e-01 2.862197042710438177e-01 -9.548569225896075263e-01 -7.348129419351731029e-01 9.548534267105357465e-01 -2.862491320616231683e-01
9.556883632599367795e-01 7.377744822440592820e-01 -7.377628006446230735e-01 -2.882904655528609750e-01 -9.556863158505186640e-01 2.883070770464708499e-01
-9.565637309471740624e-01 -2.905307859903000223e-01 7.408749092152864257e-01 2.904454870390829058e-01 9.565567462467319260e-01 -7.409142318450108178e-01
9.574710289867538471e-01 -2.928333716798032227e-01 -7.441985205597549946e-01 -9.574756078148947136e-01 7.441798540670498951e-01 2.927932514754523208e-01
7.476404605033937223e-01 -2.953144921447607429e-01 2.952372613840726912e-01 -9.584289577087190537e-01 -7.476676770156278629e-01 9.584248925025831145e-01
2.978633404600004031e-01 -2.979190268715386503e-01 9.594230892411608203e-01 -9.594259499187188789e-01 7.512991728888602783e-01 -7.513202823782061390e-01
7.551888762559910706e-01 -3.007300631623839315e-01 3.006696091483324063e-01 -9.604801384253118801e-01 -7.552143116355444219e-01 9.604780709611286937e-01
-7.593377067028430627e-01 9.615828952380159889e-01 -3.037266871966924908e-01 7.593147499582623139e-01 3.036865670514934390e-01 -9.615865472152768101e-01
-9.627585547027145418e-01 7.637361286895427703e-01 9.627570218535248525e-01 3.069517622628185061e-01 -7.637395410317855404e-01 -3.069512193929719301e-01
-7.684742219003168895e-01 7.684598747621306236e-01 -9.640035224535528080e-01 -3.104695789418245311e-01 3.104481420173834105e-01 9.639998518332509869e-01
-7.735561249212087320e-01 7.735641691243864138e-01 9.653268781920711916e-01 3.142912149197817917e-01 -3.142895427601097302e-01 -9.653248100807649834e-01
9.667482824012290088e-01 -7.790922751619452358e-01 -3.184829510045074086e-01 3.185341736148349367e-01 -9.667464787151265337e-01 7.791084108951596976e-01
-7.851093391892807194e-01 -9.682692038545845925e-01 9.682748022529762411e-01 3.231765254038388435e-01 7.851304364647921918e-01 -3.231346603020138764e-01
7.917672480031099358e-01 -3.283862963906257759e-01 3.283582175408993331e-01 -9.699316748815984823e-01 -7.917756202323675829e-01 9.699297171688221475e-01
-9.717484087170518148e-01 -7.991950807671690526e-01 -3.343099219464022998e-01 9.717435297196974631e-01 3.342646632531580675e-01 7.991689621631747897e-01
3.411246251119970929e-01 -9.737552531432632774e-01 -3.411122715131851280e-01 -8.075535069950487976e-01 8.075645930945765105e-01 9.737580345582235175e-01
-8.172515685626173809e-01 9.760258191323265553e-01 -3.492068800860939071e-01 3.492307010738419093e-01 8.172522939818456233e-01 -9.760259853706485522e-01
-8.288323778639661299e-01 9.786556995049324748e-01 3.591679098562482464e-01 -3.592223681142207026e-01 8.288173713117428232e-01 -9.786571302276145801e-01
-3.722474530146165361e-01 -8.433602942935185531e-01 -9.818300875597492094e-01 8.433558695449657749e-01 3.722279984977797662e-01 9.818300973544860089e-01
-8.636972836038228074e-01 3.915708212913975306e-01 -3.916148315612660857e-01 -9.860177202952380426e-01 8.636773193253457492e-01 9.860147614792633686e-01
