-8.007652099792827993e-01 2.489536381627231038e-02 -5.314279014102782916e-01 8.537716629559188863e-01 4.575898212115228625e-02 -1.060888616129297690e-01 1.122962051761313279e-01
-4.192532533720377264e-01 -9.928956835991982199e-01 -7.472628317173842794e-01 -8.284732745807701360e-01 -8.473738511925734684e-01 -5.877263620172095138e-01 4.689195100335465938e-01
-1.552977945037932184e-01 5.753719023741363792e-01 9.507221554468598956e-01 -3.195974336717475328e-01 -2.068188054983649549e-01 1.047249658615300727e-01 3.175466183776277651e-01
-1.537721710033770617e-01 5.757838577982674622e-01 9.263178071715367778e-01 -3.200008946741109694e-01 -2.057741872856689858e-01 1.079616454319470009e-01 3.189642359143226580e-01
5.469169166071731480e-02 -9.080442574345318901e-03 8.031820743368973670e-01 6.667597764734929378e-01 8.890983958618183802e-01 7.673159912286670048e-01 -7.572689495267446169e-01
-7.780936709054557809e-01 -2.068865227483742686e-01 3.621295714696323165e-01 6.826546746671825483e-01 7.276157737638442313e-01 -5.376609731650814350e-01 -9.481794883961421894e-01
5.665415790356959080e-02 -8.974577335403990247e-03 7.743487484335065396e-01 6.868671193697510891e-01 9.235244828319030264e-01 7.643386843045304468e-01 -7.369247778917755731e-01
-1.954933688655366986e-01 6.298134235848804607e-01 -3.132490109102545883e-01 1.880159007260556181e-01 1.590780648939194367e-02 -1.965882435296411046e-01 7.717717734868170254e-01
-7.610181948096045312e-01 -2.103070851384077344e-01 3.520860523066907666e-01 6.850635727925272755e-01 7.338489035042359276e-01 -5.468766855204831856e-01 -9.508362947065516213e-01
6.981077237884992792e-01 -4.122584274911796354e-01 -5.687681118378955514e-01 4.811366978657118931e-01 -9.780523165778953754e-02 7.666302977220801340e-01 -9.311184401374352770e-01
-7.885531285811784308e-01 -2.128439621769771528e-01 3.392246208517523676e-01 6.670435175755935475e-01 7.368410751062992592e-01 -5.346101209510416563e-01 -9.727912009074567434e-01
-8.011861080000810542e-01 -2.095190064765576066e-01 3.507666887447101756e-01 6.800930882151188239e-01 7.310989692283974550e-01 -5.367877388104024261e-01 -9.326394647636916391e-01
6.964229796099021819e-01 -4.128673817153595826e-01 -5.716385110193109576e-01 4.794071162239097461e-01 -1.006938887870760801e-01 7.632971998540847292e-01 -9.113862868874138545e-01
-1.947858671496949801e-01 6.198677718513859736e-01 -3.158973097607459257e-01 1.911315062227998962e-01 1.599181541736379580e-02 -1.940248298418200956e-01 7.597628552064279450e-01
6.873647374461544501e-01 -4.130213531774629132e-01 -5.733974734805848961e-01 4.796283910046912347e-01 -1.022026666630092562e-01 7.670017439322702746e-01 -9.025138617543202457e-01
6.948780356124842905e-01 -4.169772439090546068e-01 -5.667597324140355441e-01 4.817341929932670852e-01 -9.755420125151467725e-02 8.088522663446833239e-01 -8.952592309754842104e-01
-7.741334686726775161e-01 -2.174239827436054706e-01 3.481294268532823533e-01 6.797863994260460174e-01 7.198731182319603183e-01 -5.370939303206884174e-01 -9.509899621300504924e-01
-7.999494315111983500e-01 -2.093432348124685816e-01 3.459878730362496713e-01 6.871659454695331348e-01 7.223440195927733898e-01 -5.275939858836447005e-01 -9.619687490451900302e-01
7.215313556048112975e-01 -4.184060591817474473e-01 -5.589499654530805106e-01 4.804845915618444208e-01 -9.926072837333868581e-02 7.645553227758890014e-01 -9.050665782772224777e-01
-7.741232725531905778e-01 -2.086364926578005985e-01 3.565441224954801758e-01 6.806518041560778443e-01 7.281759839480523855e-01 -5.332952702994231409e-01 -9.630118921909240903e-01
7.025773977720753960e-01 -4.191331485647803445e-01 -5.752493676733198003e-01 4.891888454226179794e-01 -9.943321971319531161e-02 7.751166285811599277e-01 -8.552971753184375192e-01
6.832086094793035080e-01 -4.203649463423541066e-01 -5.799333962812072141e-01 4.866987132859627030e-01 -9.972544575038447268e-02 7.817100414429134503e-01 -8.574542949457033547e-01
7.120649115864923218e-01 -3.980469642396290419e-01 -5.765399298446756138e-01 4.877355425186716276e-01 -9.915826976722458275e-02 7.771551254371329431e-01 -9.098628808506128429e-01
7.094074793461067063e-01 -3.982047234269129321e-01 -5.804785926128923634e-01 4.928732309861252880e-01 -1.001905456970355324e-01 7.786854415679655972e-01 -8.935051826639859307e-01
7.182773225259417860e-01 -4.060869866282897922e-01 -5.748558605790048404e-01 4.803779646092741773e-01 -9.819184646170021902e-02 7.742311956881793300e-01 -8.938720164068025831e-01
7.028994390427646399e-01 -4.265359030888835057e-01 -5.611992284858557944e-01 4.803992361843867354e-01 -1.004035158941688211e-01 7.931855436132191350e-01 -8.733019778302799629e-01
-7.776027364877985404e-01 -2.296355236365837660e-01 3.753177663333316927e-01 8.277094850991599806e-01 8.671201541182287365e-01 -3.609430810130913048e-01 -8.890673041019049316e-01
-7.827079761533564106e-01 -1.856956836742528483e-01 3.930043086322336787e-01 7.374036994367343389e-01 8.856171343504902760e-01 -4.937152208310430224e-01 -8.940648724784502344e-01
7.484723069262524398e-01 -3.958948101117464313e-01 -4.998309748422768983e-01 5.025687232980884378e-01 -8.871438625298236347e-02 8.969507030578031115e-01 -8.890709967571553962e-01
7.425729838815405826e-01 -3.921769406954758175e-01 -5.394000367223621417e-01 4.894043857688254451e-01 -9.223562544430939647e-02 8.766895631626038243e-01 -9.103904041523944723e-01
-6.996087941923214704e-01 -1.846112765564435487e-01 4.103571540841953746e-01 8.270172925909679007e-01 9.661432508900715810e-01 -5.143793525572906145e-01 -9.645086733412089330e-01
8.788837147284689344e-01 -6.178443847075849593e-01 3.937770567543191769e-01 -7.212577388047396454e-01 -9.245906688424943010e-01 -3.463408643948339694e-01 -9.915536555360338067e-01
6.880238091090755681e-01 -3.925289326067962214e-01 -5.371200237726170279e-01 5.022347880502402440e-01 -8.039573670447860976e-02 9.126688890421841283e-01 -9.197768308472131782e-01
7.715134888066157437e-01 -3.950706275600877615e-01 -5.410192510926363774e-01 5.038651996252245802e-01 -7.458795341184376593e-02 9.166670513083989835e-01 -9.174027016142276558e-01
-6.820639565800830084e-01 -2.606500141370996504e-01 3.830354317578878454e-01 8.128028618441764941e-01 9.612020442068296422e-01 -4.119087292407321299e-01 -9.608775772488549194e-01
8.752576362220794159e-01 -6.181409207519673599e-01 3.865454978915264794e-01 -7.170837793859550224e-01 -9.073108404181777775e-01 -3.453311633497873068e-01 -9.896128291579856517e-01
-7.217894974870069369e-01 -1.921797355667928531e-01 3.768419884383129581e-01 7.968833145731879508e-01 9.694818800108098156e-01 -5.136637767653828845e-01 -9.617553369218605486e-01
7.473984909700170931e-01 -3.968745200165810783e-01 -5.092065981176792100e-01 4.691663643566885700e-01 -9.287693118417596205e-02 9.269877454550771168e-01 -9.126708225634039273e-01
7.666430093728103801e-01 -3.969195844662938844e-01 -5.215450866729115509e-01 4.418647763595998645e-01 -9.221829291024813413e-02 9.463298411436713575e-01 -9.113798010517061288e-01
7.754105236476660501e-01 -3.997257471927047612e-01 -5.189038926423539255e-01 4.465904968913948503e-01 -9.845354999438817034e-02 9.472845101061317941e-01 -9.127636007213648650e-01
7.734105701649774955e-01 -4.025404657091202765e-01 -5.294162210330890517e-01 4.368897606451747073e-01 -9.753131747078994107e-02 9.488579899603342138e-01 -9.122248288865508759e-01
7.848203380734770640e-01 -4.046441847787730639e-01 -5.232318281743770783e-01 4.307490863652865265e-01 -9.774170187152492195e-02 9.612640921396068405e-01 -9.125516267143256588e-01
-9.356024863483087817e-01 -1.332192663946114020e-01 4.054030918773458558e-01 8.312165897743877263e-01 1.031164873195538290e+00 -4.547398067751163842e-01 -6.679527803395177710e-01
-9.241427455451289852e-01 -8.220488573271358956e-02 4.086246458255827774e-01 7.582467468870635052e-01 9.520296310472328161e-01 -5.578703741167072572e-01 -7.083181599511021442e-01
-9.489989928402843278e-01 -9.252668956982131043e-02 4.019793458015978871e-01 7.764119902645815197e-01 9.643432510242727629e-01 -5.509688732588999827e-01 -8.104556555096491532e-01
-8.092926744852799725e-01 -1.343261472413253554e-01 3.633652436940740804e-01 7.749030419229023803e-01 9.725462232551751462e-01 -5.249759673103242541e-01 -9.743453756476695427e-01
-8.113463962877394131e-01 -1.242272445279071214e-01 3.705033291701737008e-01 7.579779889990299058e-01 9.590306353446127474e-01 -5.615241396336986268e-01 -9.535356017407657925e-01
-9.523799058036728216e-01 -6.540502814090354278e-02 4.497102847866165098e-01 8.262705344414006392e-01 9.890005153173395680e-01 -5.420922979595210744e-01 -8.163217638735766890e-01
-9.283724287562322708e-01 -9.949620305444090151e-02 4.221046840190578742e-01 8.052567113520971986e-01 9.777726413763905278e-01 -5.726492045952340515e-01 -7.091909595234215935e-01
8.111382424960015269e-01 -5.380491511424547735e-01 -7.944427942259076891e-01 4.385130221189985633e-01 -7.076966688565586305e-02 9.781280057739911715e-01 -9.464001827932748689e-01
-7.361739652957899338e-01 -1.936776370105838530e-01 3.092906867975296903e-01 7.287266456513493695e-01 9.524516780071219380e-01 -5.063402307349559317e-01 -9.498722989215933055e-01
-7.378401966288723468e-01 -1.909183807691535728e-01 3.101059526049293469e-01 7.267704825892564724e-01 9.511883124857276606e-01 -5.171922543450260257e-01 -9.487794703977641131e-01
-7.331756997727232328e-01 -1.908225410517934983e-01 3.015225892918063089e-01 7.171607260683696694e-01 9.483924674850354730e-01 -5.207783933084599859e-01 -9.463061989527752349e-01
-7.660323433056860365e-01 -1.844841867448765438e-01 3.027857369789697106e-01 7.111341121848826496e-01 9.457907576247788217e-01 -5.680271784295355397e-01 -9.477812592539551773e-01
-7.574097780774353694e-01 -1.923031088473193262e-01 2.973316063885909077e-01 7.084680252740629403e-01 9.451700663791761103e-01 -5.700755957845888844e-01 -9.465154505101902593e-01
7.037155653587133797e-01 -2.019519983296458876e-01 -6.726929666414003250e-01 2.767245849949361292e-01 -1.450550353913693247e-01 9.450230445758197595e-01 -9.386159211533933178e-01
7.829017212570716922e-01 -5.178981522557865036e-01 -8.485034815977623435e-01 4.307332593939214305e-01 -4.781453896188220948e-02 9.622358986726897712e-01 -9.907503300246762734e-01
7.174216304179207304e-01 -4.320735737727267045e-01 -7.473104889901840409e-01 3.359684049277050777e-01 -8.037543174544035940e-02 9.463042947325979171e-01 -9.512577115610927336e-01
-7.386908378247662998e-01 -2.016226859593668319e-01 2.942940479676222632e-01 7.095591369549991700e-01 9.458256209331046271e-01 -5.583028182355624924e-01 -9.455957502290019967e-01
-7.927528501909135716e-01 -2.050725708231327937e-01 2.874006830389442824e-01 7.042684467261506320e-01 9.445593050334437635e-01 -5.967483307258973912e-01 -9.515149144484622568e-01
7.200525487893838505e-01 -4.524650046953344606e-01 -7.584807518213227961e-01 3.368097791556604048e-01 -8.974988433401412391e-02 9.472106924704219999e-01 -9.532701412136694863e-01
7.165197509354738203e-01 -4.355913358519761247e-01 -7.493370953458118322e-01 3.328705160854540379e-01 -8.125801644333441320e-02 9.465163721996343593e-01 -9.513124297375938898e-01
9.615508447240780354e-01 -7.228020012314897991e-02 7.713875995201363578e-01 -4.493632016811677232e-01 -9.490639663987872066e-01 3.961819916807453046e-01 -7.425379507094430620e-01
-7.428018616005087615e-01 -1.894611484368170506e-01 3.163963573490642944e-01 7.276993447748347776e-01 9.504586058926705050e-01 -5.486233515737428679e-01 -9.476862112104171842e-01
-7.455870201535997888e-01 -1.987788699564970174e-01 3.024834558705048471e-01 7.184171311060498777e-01 9.483141280410780638e-01 -5.492125577580687645e-01 -9.484408214524924219e-01
7.235771095438001677e-01 -4.170268023634833288e-01 -7.470725083117433218e-01 3.363316958670303225e-01 -7.331690706818951020e-02 9.487403438838634129e-01 -9.523507948974904158e-01
-9.730092603333927448e-01 -1.237463968550944760e-01 3.606805785543925058e-01 7.443285397534429304e-01 9.532561888076434009e-01 -5.577337788796129514e-01 -8.404447877822411872e-01
7.339414415740428410e-01 -5.761424784326352189e-01 -8.423851382231104523e-01 3.363164495932655651e-01 -1.540802368015946056e-01 9.514480438872298107e-01 -9.713931280782153177e-01
7.700396785696125290e-01 -4.929971863480855365e-01 -8.045573825413262492e-01 4.165728843334041143e-01 -4.929161356665424931e-02 9.582206635385006610e-01 -9.646764759011891011e-01
7.744713973812141772e-01 -4.883883046970129982e-01 -8.032605847787381848e-01 4.246015520890593642e-01 -4.123118160376641056e-02 9.591582226360748642e-01 -9.645723113768156498e-01
7.751383879919746533e-01 -4.922606156083784157e-01 -8.056425050663361676e-01 4.240493216997268111e-01 -4.423515948443000612e-02 9.594299175153350179e-01 -9.650974781949910319e-01
7.666645060484404972e-01 -4.787943577392687056e-01 -7.945738541518561071e-01 4.111123170208487165e-01 -4.554065349761297898e-02 9.577348709263029392e-01 -9.625634778966543070e-01
-9.688392973662146579e-01 -5.269052087929250450e-02 4.256705592843272323e-01 7.787550422338900269e-01 9.604585419984952299e-01 -5.095581967018580904e-01 -8.196233761871345447e-01
-9.633368845176125683e-01 -9.846414017522072608e-05 4.625530936789014058e-01 7.943651561881683865e-01 9.633046208061879501e-01 -4.627206286229046395e-01 -7.944733849440324125e-01
7.858582082461018636e-01 -5.148824956031672340e-01 -8.216700238946633705e-01 4.327688969348677528e-01 -5.413701581538334084e-02 9.622858988803983937e-01 -9.689072879206683808e-01
7.836856820222033448e-01 -5.079486135071564767e-01 -8.166631994548783080e-01 4.306930669014327195e-01 -5.112919450346850581e-02 9.618171247619587971e-01 -9.676968728183901192e-01
7.840048981764553560e-01 -5.177544350475439261e-01 -8.219488506445541409e-01 4.276725504235959208e-01 -5.997151651035741160e-02 9.620943654623520525e-01 -9.687780910124232925e-01
-9.655357919318752202e-01 -1.220191373262421866e-05 4.726913376953996160e-01 8.031695234668667638e-01 9.655371792671593179e-01 -4.727234972954731385e-01 -8.031854316693017859e-01
8.000194486912403091e-01 -4.905032732946719154e-01 -8.119578581168170883e-01 4.615627028378661567e-01 -1.941839242925377448e-02 9.652048862998094947e-01 -9.672612061702265951e-01
7.831235902266928672e-01 -5.449407442496519982e-01 -8.357922583527639393e-01 4.153565317602349038e-01 -8.745174355062124150e-02 9.626059688220511834e-01 -9.715307945100721820e-01
8.052344204183967680e-01 -4.958248507692826212e-01 -8.166118690351917841e-01 4.677326166066595459e-01 -1.901266029845255501e-02 9.665049309363065166e-01 -9.684322059531402793e-01
-9.681172315693689079e-01 -7.208716839083026743e-05 4.848499908570163552e-01 8.135122885770583734e-01 9.681035258674329791e-01 -4.849763297713726717e-01 -8.135766866362927896e-01
-9.688252739896513477e-01 -6.749820491455702933e-06 4.883898598943853808e-01 8.164539457034835079e-01 9.688239592435505809e-01 -4.883955638498299612e-01 -8.164582440223138171e-01
-9.739569388802703509e-01 -7.065653153490991656e-02 4.469233423107055736e-01 8.039912557316096775e-01 9.672345286270043196e-01 -5.497013049261018081e-01 -8.443953057814943541e-01
8.145601931045333144e-01 -5.190838515491192906e-01 -8.318432599234533154e-01 4.742028219683844803e-01 -3.105090506263896016e-02 9.690463004710752060e-01 -9.718484077804003807e-01
8.168789703658909662e-01 -5.272978580101919110e-01 -8.365441364146637415e-01 4.746351151531769674e-01 -3.690125434397742432e-02 9.697374462666557005e-01 -9.728266004775298903e-01
-9.751650093263777297e-01 -6.115252954127869955e-02 4.660045163581331140e-01 8.170473113718905722e-01 9.701965676870962785e-01 -5.524847951107714206e-01 -8.488630612596537173e-01
8.274792264023839161e-01 -5.287048507867488922e-01 -8.408354418174264211e-01 4.918200268102315142e-01 -2.620908429913375304e-02 9.720296225051811012e-01 -9.740691807509389566e-01
8.385569102225960414e-01 -5.124526004394120982e-01 -8.369911060486519006e-01 5.169444805724872083e-01 3.256103213169900777e-03 9.740324134073303775e-01 -9.737964859026801978e-01
8.342573997576159250e-01 -5.457358027252396937e-01 -8.512250838371170358e-01 4.966250139186098034e-01 -3.564299125239842742e-02 9.738051787413772864e-01 -9.762986782303272326e-01
8.285429578359340130e-01 -5.839796147195175369e-01 -8.665635664436859287e-01 4.705118955491508492e-01 -8.343349444564321371e-02 9.734655165255532427e-01 -9.788796958563636963e-01
-8.443025253926288443e-01 3.079647753811675520e-02 5.514644986656739301e-01 8.572755452405921295e-01 9.778593279374332425e-01 -5.106179180290523201e-01 -9.761012560263825355e-01
9.785269002203564881e-01 -8.580328249320233747e-01 8.580341704508656075e-01 -5.412867147097633058e-01 3.085607173215729785e-06 5.412937025623889564e-01 -9.785252436731409764e-01
9.806133123970540710e-01 2.584642375051246152e-02 5.666395161955616322e-01 -5.328810481770595020e-01 8.695009109603457631e-01 -9.792334130786319868e-01 -8.590981820897833909e-01
-8.716195600290691514e-01 -2.076403749001182577e-04 5.598683439116889371e-01 8.716192544211792681e-01 9.815716801816765091e-01 -5.600601694300946232e-01 -9.815104720890890366e-01
8.642864962219093394e-01 -8.965276301680277227e-01 -6.299482895971522112e-01 5.152710413926763211e-01 -9.114683966703229778e-02 9.814094835991216126e-01 -9.852858110287713300e-01
8.952817208380140501e-01 -5.628331770834276160e-01 -8.832248401590114817e-01 6.083037600247085397e-01 3.705970714901712926e-02 9.858886260105883537e-01 -9.845304456370493895e-01
9.073714246461357380e-01 -5.803241828023448790e-01 -8.955467850208644887e-01 6.282632135937873397e-01 4.031924038838043123e-02 9.882666830546906755e-01 -9.870323763989019561e-01
9.897608903559045324e-01 -6.875246568157473703e-01 9.061994677121261166e-01 -9.306024811638637928e-01 5.756469704528408560e-01 -1.002163673926809162e-01 -9.920162395291158841e-01
