8.171844561179106847e-01 6.786406460816227781e-01 9.977204034094865337e-01 -4.687408181377965555e-01
7.992287429707884971e-01 6.879852096653640281e-01 9.872346886043086300e-01 -4.899348609891441830e-01
8.694318503440615631e-01 6.959942796938632936e-01 9.114559907957729967e-01 -4.836573240478382329e-01
7.411351709358607875e-01 7.100152141544558981e-01 8.989407179092265832e-01 -5.246812300274310559e-01
7.078557925531562267e-01 7.076817475715234673e-01 6.150257367333946679e-01 -7.047350816729073264e-01
8.008806369177583484e-01 5.995146344882480438e-01 8.009101094826005518e-01 -6.129966729328111263e-01
7.895680029234868336e-01 5.927861307342702224e-01 7.876420944187805251e-01 -6.286098988172321711e-01
7.805783216867863139e-01 6.044647048384943488e-01 7.805619376189656400e-01 -6.380146432203963602e-01
7.125804388410470480e-01 1.946399357611129088e-01 3.040824070605535612e-01 -7.599304479740508489e-01
6.395514189817456119e-01 4.677089148180897382e-01 6.395640394135070350e-01 -6.828936362633182267e-01
6.372749939191280077e-01 4.514606053873770897e-01 6.372618977205467550e-01 -6.948837997047079273e-01
5.240593149087228175e-01 2.758671683853018974e-01 5.326817896002256081e-01 -7.455874391334108564e-01
5.215290419830301838e-01 2.947241904079131447e-01 5.358917151813582525e-01 -7.416490895169010056e-01
7.295004316627277108e-01 5.318809139004649911e-01 7.295080575968820868e-01 -6.642056684257138244e-01
4.473586475790516936e-01 2.984565449570191209e-01 5.886856910717697122e-01 -7.486147408219148147e-01
5.436884109325095249e-01 3.510212874619002554e-01 5.437210050877405720e-01 -7.312384524958106535e-01
6.625280234384831601e-01 3.580932934149235192e-01 3.582054786003852631e-01 -7.427826164991810920e-01
6.569591473835938444e-01 3.410575207925844454e-01 3.320849589016244829e-01 -7.486983516650587145e-01
6.569273226047339653e-01 3.393958738487229398e-01 3.394033842423774261e-01 -7.460808534029954586e-01
5.975173600288774534e-01 2.900495761700029873e-01 2.900350055288528628e-01 -7.669465924652254518e-01
8.514729099624742670e-01 3.028038307869544976e-01 -3.809274606941321362e-01 -8.735643749757877607e-01
6.494381513067164491e-01 3.453881016523114300e-01 3.453841692476617431e-01 -7.467397880723278814e-01
7.741752074244502291e-01 4.755875213913381139e-02 4.755706873044909799e-02 -7.773697294527348589e-01
7.778982837695167518e-01 2.251323747881333812e-02 2.251841344828809516e-02 -7.771604900502102620e-01
3.330276162701072407e-01 -3.475403833243701501e-01 8.596956423331418851e-01 -8.630183173401712038e-01
3.432284077279522672e-01 -3.435774937603360835e-01 8.636085245679968603e-01 -8.636978323494257648e-01
3.436579019483623210e-01 -3.434608142167386302e-01 8.637885383959246210e-01 -8.637401833238913529e-01
3.438427655020905305e-01 -3.438188705062602546e-01 8.639615034992376152e-01 -8.639565812527343347e-01
3.441723259546569103e-01 -3.439968248283031271e-01 8.641640481448198408e-01 -8.641225008886626036e-01
3.441167201595979330e-01 -3.444888067454480174e-01 8.642562618106239825e-01 -8.643419705323011071e-01
3.444500911327931236e-01 -3.446367886006324044e-01 8.644542772403348563e-01 -8.645019142991243744e-01
3.449118718553482177e-01 -3.447186440804884677e-01 8.646974970482732559e-01 -8.646412174848767673e-01
8.648615902937131228e-01 -3.450099049221279079e-01 3.451006579316412970e-01 -8.648207915007622981e-01
8.650413191999405393e-01 -3.452946016151364761e-01 3.453500384549059166e-01 -8.650254643865538107e-01
8.652227480298788631e-01 -3.455179918251081728e-01 3.456160235172457407e-01 -8.651980420970913910e-01
8.654114197737221570e-01 -3.457683006424371874e-01 3.458874894615382445e-01 -8.653740369007069111e-01
3.461081366559686234e-01 -3.460701905738207129e-01 8.655801272658854018e-01 -8.655733586035333493e-01
3.463157704085720323e-01 -3.463859142584200246e-01 8.657529843835133354e-01 -8.657752041499038320e-01
3.465781081728666058e-01 -3.466482708728586548e-01 8.659355752736801470e-01 -8.659568546355906893e-01
-3.468417736326975254e-01 8.661359681098175223e-01 3.468958374659494304e-01 -8.661192091268379301e-01
3.471507040850743131e-01 -3.471411579329303221e-01 8.663254120751145981e-01 -8.663210187010408347e-01
3.473805488220901849e-01 -3.474292574887261065e-01 8.664912547775258655e-01 -8.665133564240147246e-01
3.476915319096966495e-01 -3.476434619580232033e-01 8.666874900519447866e-01 -8.666833482832705382e-01
3.478354566540232673e-01 -3.480207510321618458e-01 8.668371396005897234e-01 -8.668867328065241740e-01
3.481560056558596350e-01 -3.482396679511784998e-01 8.670391504547538819e-01 -8.670665345660633072e-01
3.484955782077032715e-01 -3.484304392951342866e-01 8.672421632387261603e-01 -8.672248078562068141e-01
3.487565055413482940e-01 -3.487333524095632131e-01 8.674303975613982809e-01 -8.674195071571020321e-01
3.490202675768001028e-01 -3.489976508318471948e-01 8.676105076094469126e-01 -8.676012539300430593e-01
3.492245593139002846e-01 -3.493133198624536750e-01 8.677712214513522149e-01 -8.677903028978424249e-01
3.495674781010317256e-01 -3.494834624348902019e-01 8.679722461298589042e-01 -8.679369022376226539e-01
3.497844736522118247e-01 -3.498289635496113492e-01 8.681380867335468654e-01 -8.681506431622005859e-01
3.500847147075500931e-01 -3.500380656982227667e-01 8.683220810472488393e-01 -8.683061600960175763e-01
3.503015103862061053e-01 -3.503302417245430789e-01 8.684765006900871942e-01 -8.684904547228533556e-01
3.506277027990977735e-01 -3.505538252566313684e-01 8.686752880383606934e-01 -8.686599068102991428e-01
3.508193876913932585e-01 -3.508935938442896418e-01 8.688258060834199714e-01 -8.688504283565914310e-01
3.510774169468686701e-01 -3.511402268979652019e-01 8.689970894661437351e-01 -8.690127151511518599e-01
3.513758881945731050e-01 -3.513453648917292949e-01 8.691730555560672755e-01 -8.691648804932381456e-01
3.515907730568768041e-01 -3.516628334681593526e-01 8.693324138545548418e-01 -8.693510954134551216e-01
3.518838941842753476e-01 -3.518828311200271619e-01 8.695043402101856334e-01 -8.695073789740070946e-01
3.521552234137529380e-01 -3.521589329264764867e-01 8.696818511649230254e-01 -8.696775984430138440e-01
3.524453950344720310e-01 -3.523755784269941849e-01 8.698478779346956458e-01 -8.698347813591711386e-01
3.526562667460287903e-01 -3.526611269500096180e-01 8.699997153374091630e-01 -8.699975269013867640e-01
3.529211243828641598e-01 -3.528751009925207294e-01 8.701579685944553777e-01 -8.701477404750082023e-01
3.532117069810352117e-01 -3.531222089273318709e-01 8.703319098380271068e-01 -8.703028614364030080e-01
3.534473901656400852e-01 -3.533818526991265307e-01 8.704836832840062710e-01 -8.704605082266422267e-01
3.537030539787660022e-01 -3.536513035422840789e-01 8.706414360730091451e-01 -8.706256061474351160e-01
3.539391507064308939e-01 -3.538849629781145589e-01 8.707870281347342978e-01 -8.707701572799340095e-01
3.541679592774749086e-01 -3.541952111122796953e-01 8.709423642864396742e-01 -8.709425319615864414e-01
3.544959701109389738e-01 -3.543733505953127194e-01 8.711025252046041834e-01 -8.710798869853545456e-01
3.546524873336261985e-01 -3.546818654595569331e-01 8.712318192337684675e-01 -8.712431494986020430e-01
3.548864312296663437e-01 -3.549332366525687066e-01 8.713747544672711953e-01 -8.713905453379398036e-01
8.715376319877070621e-01 -3.551577969983672478e-01 3.551851402753125608e-01 -8.715390990628484325e-01
8.716849420025922779e-01 -3.553874439022768894e-01 3.554433623829903466e-01 -8.716774162728574415e-01
3.556631009958865497e-01 -3.556681806073938024e-01 8.718198180277216824e-01 -8.718317990873230006e-01
8.719569829171539554e-01 -3.559239569224037503e-01 3.558734226669674205e-01 -8.719693562309389634e-01
-3.561163164369061107e-01 3.561553421111076645e-01 8.721072387443083995e-01 -8.720969056772194250e-01
3.564124558304542778e-01 -3.563577913461515312e-01 8.722481069612020299e-01 -8.722380307813401012e-01
3.565910142244427261e-01 -3.566631392007379442e-01 8.723716562799836982e-01 -8.723925742227316427e-01
3.568621473672353717e-01 -3.568585519363869363e-01 8.725136255269734242e-01 -8.725149940227917567e-01
3.570781941614430410e-01 -3.571247804295261119e-01 8.726445104585461854e-01 -8.726547920935362468e-01
3.573046582537778848e-01 -3.573580886771725584e-01 8.727762507765364219e-01 -8.727826635909717856e-01
-3.575509119806806191e-01 3.576147799275211092e-01 8.729267768709702002e-01 -8.729127879666910284e-01
-3.578198965521833252e-01 3.578050517762460525e-01 8.730495415325141284e-01 -8.730460158239825574e-01
-3.580361969131594102e-01 3.580641936262814462e-01 8.731821816507978617e-01 -8.731722526813240348e-01
3.582406196873708648e-01 -3.583210893146602238e-01 8.732957262797554909e-01 -8.733156814580378402e-01
3.585462447792626128e-01 -3.585039237403949697e-01 8.734414495750146834e-01 -8.734300305214592886e-01
3.587632920753846544e-01 -3.587275666109387418e-01 8.735581978764856981e-01 -8.735502587005690156e-01
8.736726711210374141e-01 3.589438843903824949e-01 -3.590223929056975405e-01 -8.736925128945483010e-01
3.591706413588980351e-01 -3.592387724297585461e-01 8.737947101403304995e-01 -8.738096149353778985e-01
3.594650968762620469e-01 -3.594239888108495817e-01 8.739257033726851587e-01 -8.739271639919911072e-01
-3.597607821897156333e-01 3.596221780195171802e-01 8.740415446207410177e-01 -8.740726101076236043e-01
-3.600868533115607617e-01 3.597340567850216830e-01 8.741239057853037453e-01 -8.742225367782314738e-01
-3.601509508923479430e-01 3.601365558574987080e-01 8.742914663101225559e-01 -8.742857722501656825e-01
-3.604185006039660744e-01 3.602961321128232974e-01 8.743849261115548277e-01 -8.744226817209070912e-01
-3.606099417856394873e-01 3.605404320784331151e-01 8.745010013210843258e-01 -8.745213016476114376e-01
-3.607767727385989276e-01 3.608031976686428277e-01 8.746307257589096551e-01 -8.746250807043557396e-01
-3.610031126561670800e-01 3.610469308567025859e-01 8.747433863752201999e-01 -8.747415251832542094e-01
-3.612285699382553061e-01 3.612670319756595694e-01 8.748556667716356205e-01 -8.748554461682882533e-01
-3.614591228135437539e-01 3.614847328301193374e-01 8.749677990229375313e-01 -8.749618525377728107e-01
