9.017034253950440004e-01 9.693339690389861651e-01 7.908547701393502105e-02 -9.964908787501081111e-01 -6.769761186651950258e-01
8.552585034448820789e-01 9.699917163426852174e-01 8.008553661710221538e-02 -1.010270888788008081e+00 -6.952281569972834641e-01
8.480227626727885326e-01 9.712676986265964540e-01 7.649760878667286046e-02 -1.005268971730662209e+00 -7.255487092943843086e-01
8.441145033195592839e-01 9.985405341484081543e-01 7.638022160036300745e-02 -1.018576382395410151e+00 -7.019160946270296408e-01
6.518968924562117406e-01 8.596339460435272750e-01 -9.812018069615648930e-01 -2.904253460565544009e-01 -3.867937869369411086e-01
8.559219690235222444e-01 9.729914927273627390e-01 7.812418261758211080e-02 -1.000061128273521005e+00 -7.029709092186111619e-01
-1.733713272674424488e-01 -7.558606564577967646e-01 2.035394041011001354e-01 -6.057765486240223041e-01 1.173533033949119564e-01
8.567889733279971942e-01 9.661905133726712558e-01 7.834665806591345483e-02 -1.043848946775623787e+00 -6.897807759409095851e-01
7.882650706418039555e-01 1.008364588881097923e+00 7.888764255516490798e-02 -1.015023539775757211e+00 -6.763682381809521527e-01
7.288288425670458315e-01 9.862802226100273462e-01 8.434770524421281168e-02 -1.118746267430283714e+00 -6.610560383430996723e-01
6.136389991841086911e-01 9.875081621115855413e-01 -7.033861330704817005e-01 -3.130653034387166356e-01 -4.402492325974098342e-01
6.675739361628985069e-01 9.007671511906309991e-01 8.831996798633039158e-02 -1.063223894030844496e+00 -6.405825219515759450e-01
7.520712045697611758e-01 1.133063775448811983e+00 8.962027312372278232e-02 -9.956509909804174274e-01 -6.168006985597033198e-01
7.732176983327434527e-01 1.404020190646364519e+00 9.428340681104091514e-02 -9.897501708664917519e-01 -6.142910758885717915e-01
7.596194732841594632e-01 1.234613995823447441e+00 9.662054735831696051e-02 -9.628390440017262630e-01 -5.907411851091182164e-01
7.467437686740563407e-01 1.192068449788317164e+00 7.383390010009818760e-02 -9.828749393480225027e-01 -6.168186718596180285e-01
3.630418308475925615e-01 8.675195084962868952e-01 -8.640227835624897379e-01 -3.044519715001262616e-01 -5.968373113986947809e-01
6.894183959377555571e-01 1.038712188689823845e+00 3.480879829982037876e-02 -9.494217869887141559e-01 -6.071224511323745077e-01
3.625032762043812751e-01 8.696503434659338394e-01 -8.637165743078539792e-01 -3.159243567532164509e-01 -4.833631050871245449e-01
6.876090398554549621e-01 1.015952224882286759e+00 7.330970068121769878e-02 -9.095165686511055281e-01 -5.326266080082062704e-01
6.523541266576409203e-01 9.594764438074788737e-01 7.590562310213168351e-02 -9.082198653246764675e-01 -5.233604447983732921e-01
5.856432377262084099e-01 9.254211296567103062e-01 3.106814449753168839e-02 -9.036291368637963117e-01 -5.281131009459345549e-01
6.625753140226909865e-01 9.572759087201755390e-01 1.113314124896743751e-01 -8.945288189927597111e-01 -4.823450070605836415e-01
6.611591004272423522e-01 9.370513568417395689e-01 1.546723008166382418e-01 -8.863175404732845930e-01 -4.464012485471754443e-01
7.372960221623178212e-01 1.031143756139856649e+00 1.614760041383120903e-01 -8.905632144789125126e-01 -4.612065448771732745e-01
6.879458311883470678e-01 9.631957276444509386e-01 1.477353113640162974e-01 -8.903367738222486283e-01 -4.605358809057569225e-01
4.491213771547982736e-01 8.878440074241871205e-01 -1.709191464166933960e-01 -9.904235285926641374e-01 -7.208702874379253611e-01
6.397219914145123587e-01 9.376910785950058891e-01 1.103261177658624859e-01 -8.939444055619836238e-01 -4.784147173015373955e-01
5.734454158647696032e-01 9.158137922371449857e-01 3.981710781647167241e-02 -9.025883112730567204e-01 -5.182711254468157502e-01
6.539863167247158549e-01 9.435676640561464490e-01 1.228625898879962264e-01 -8.928980502969748878e-01 -4.725606028120754587e-01
6.855274709268258659e-01 9.660165110049605541e-01 1.363452547396290515e-01 -8.928802830248406819e-01 -4.705300577056603650e-01
5.972343339082656355e-01 9.229053370416800961e-01 6.531011016844046058e-02 -9.001348935261100914e-01 -5.053231603907812897e-01
5.923579578750953756e-01 9.215392965982270868e-01 5.997376669784464098e-02 -9.008883876076672070e-01 -5.083921734436607220e-01
6.416722738688697136e-01 9.378015648320343622e-01 1.116912689645581658e-01 -8.950216245116842106e-01 -4.802101453335473336e-01
5.718986555411266215e-01 9.161378064762235596e-01 3.273548284834979644e-02 -9.051874693191668264e-01 -5.265343009871941149e-01
5.523288851056085136e-01 9.107449408193579732e-01 -9.081942557382125525e-01 9.363038691818526688e-03 -5.401559068997459079e-01
-5.830665503263656735e-01 -4.457928183103768149e-02 5.211924501748831373e-01 9.043965903167463516e-01 -9.193375347345513759e-01
5.931594697454587450e-01 9.219914479599835566e-01 5.778131935826064103e-02 -9.025242267969033616e-01 -5.128253012123031862e-01
-5.100164974419372221e-01 9.240121868688702111e-01 6.002028724146464267e-01 6.500122701628255339e-02 -9.022246587704321197e-01
-5.518051634713105891e-01 9.117368355214012787e-01 5.517596643209951024e-01 -9.117466332088202119e-01 -3.310556568557278170e-05
5.527813207594202138e-01 9.121748857367244501e-01 -9.121008015367905175e-01 -5.526389854035418381e-01 2.414553165382241377e-05
5.535558900154002870e-01 9.124227329839720291e-01 2.072285508438872971e-04 -9.123644013785043860e-01 -5.532718430831048417e-01
5.542577735120622906e-01 9.127257002098416727e-01 -9.126573453488868726e-01 2.821321793028381902e-04 -5.539257450743708677e-01
5.547439621623067030e-01 9.129807599998391865e-01 -2.361182424136214078e-04 -9.130534997924013574e-01 -5.550561691336945991e-01
5.555383387444665644e-01 9.133039668187308280e-01 -9.134073472056349896e-01 -5.559447517602894573e-01 -2.734423283285269523e-04
5.568472135069670870e-01 9.137681542787683409e-01 -9.136249728526195657e-01 -5.563304382438034601e-01 3.540827793524216035e-04
-3.682710540635084290e-04 -5.576673718656484091e-01 9.140157318108772522e-01 -9.140822316811927362e-01 5.572177777426479128e-01
-2.229347642993385979e-05 -5.584529171950113335e-01 9.144480413110439576e-01 -9.144657884912297252e-01 5.584044325990804580e-01
5.593549985163959182e-01 9.148406371400602533e-01 -9.148528750347679761e-01 -9.126666453946501775e-05 -5.594508310814008123e-01
9.152638871283711453e-01 -9.152081083056172739e-01 1.677768318169829838e-04 5.605000067684917653e-01 -5.602628279952115431e-01
-1.801902389589620548e-05 -5.614175923923767630e-01 5.614109289705364603e-01 -9.156536961790986417e-01 9.156601676196933770e-01
5.623618196158418625e-01 9.160497294973486415e-01 -9.160971169506135769e-01 -1.303187968760304211e-04 -5.625474401828931548e-01
5.634465727323907380e-01 9.164814898312431124e-01 -8.319476718685980647e-05 -9.165161147655804807e-01 -5.635763163872573589e-01
-5.646354414006228284e-01 -1.421487964348800364e-06 5.646453567132352358e-01 9.169588700125663738e-01 -9.169486012253899032e-01
6.038407729926728465e-05 -5.657572116091560410e-01 9.174199209772770924e-01 -9.174059274720185453e-01 5.658322543441540731e-01
2.983188416243243629e-05 -5.669621366536998774e-01 9.178844584955364594e-01 -9.178794929714866324e-01 5.669960749411930845e-01
-5.682326454119419612e-01 9.183711675090925342e-01 5.681928352310325891e-01 -9.183764973952704969e-01 -2.778346576224263866e-05
2.536374078903397744e-05 -5.694306782531404210e-01 9.188757509542466728e-01 -9.188580301705943087e-01 5.694835552407797596e-01
5.708054666129087629e-01 9.193950872634641946e-01 3.601298100855881762e-05 -9.193799711670425090e-01 -5.707456526069685232e-01
5.721488122599289738e-01 9.199228927931369926e-01 2.446539112022861882e-05 -9.199203887706266514e-01 -5.721221087536828565e-01
5.735604733887849083e-01 9.204741151743812688e-01 2.503286931572157745e-05 -9.204704713506739466e-01 -5.735284128753476152e-01
-1.986898087570237415e-05 -9.210343101886082628e-01 -5.749888661177890992e-01 9.210290400490874774e-01 5.749627714577805193e-01
9.042784125690457174e-05 -9.216077610299560074e-01 -5.764293523964139077e-01 9.216441586343473436e-01 5.765610026685306089e-01
5.780395444839232511e-01 9.222246461839733733e-01 -9.222169055656129766e-01 1.701135283606500204e-05 -5.780158836239253084e-01
-2.054183758439918244e-05 -5.796620953598481396e-01 9.228459282550414144e-01 -9.228460206761303075e-01 5.796436599792735844e-01
5.813111315419559055e-01 9.234856019284455320e-01 -5.897191425088370705e-08 -9.234838609549775867e-01 -5.813064474705231799e-01
-5.830356080675740404e-01 -3.052511194479665005e-05 5.829926885061047503e-01 9.241355747044539548e-01 -9.241457330406888104e-01
-1.894903407844407812e-06 -5.848139729001995413e-01 9.248260869673696760e-01 -9.248300484869635962e-01 5.848059290723051085e-01
2.914867287858209310e-05 -9.255178019236636189e-01 -5.866153877107471715e-01 9.255306686738595801e-01 5.866609342647686187e-01
9.262512759699712550e-01 -9.262453590393807668e-01 -5.626521281893149499e-06 5.885577697868487057e-01 -5.885494692577459830e-01
3.393020567361315247e-05 -9.270013544035746733e-01 -5.905323803259032722e-01 9.270076413651249236e-01 5.905770324373058600e-01
2.776781508752292481e-05 -5.926183528914837906e-01 9.277829307740182996e-01 -9.277815063490221226e-01 5.926452623327114200e-01
5.947656886511555330e-01 -9.285889744106714527e-01 -5.947887035523640176e-01 9.285844030440175700e-01 -2.201709907728289335e-05
5.969750583651887155e-01 9.294069213385798278e-01 -9.294187233781150415e-01 -5.970244035918813585e-01 -4.226573367926745483e-05
-5.993526055413104237e-01 9.302734534021201984e-01 5.993097933883702044e-01 -9.302785175974994658e-01 -3.936636230202818373e-05
6.017951265085954571e-01 3.984531945170350221e-05 -6.017459917096721345e-01 9.311766734690256619e-01 -9.311673714207149288e-01
6.042776846321875617e-01 9.320967765336646282e-01 -5.188815808483356241e-05 -9.321016164350259814e-01 -6.043284814309541897e-01
-1.650816297688484802e-05 -6.069777376925471479e-01 9.330601905135029739e-01 -9.330671083138226685e-01 6.069516549685545215e-01
6.097196463257430477e-01 9.340642550972445557e-01 -9.340717830831656299e-01 -3.625306864134570663e-05 -6.097593068899055391e-01
4.076143477350960525e-05 -6.126232560985968023e-01 9.351099299587696256e-01 -9.351104964132666009e-01 6.126581984437402539e-01
-6.156900127886029139e-01 -9.361996891824480027e-01 2.398721978946404294e-05 9.362028505121331445e-01 6.157194453174612558e-01
-1.211613449589095691e-05 -9.373399823639065875e-01 -6.189334065015825725e-01 9.373338353286058133e-01 6.189145589854054830e-01
-1.692306187790363625e-05 -6.223125562488061036e-01 9.385177128176462880e-01 -9.385279945758805420e-01 6.222835722485834387e-01
-6.258611925659163244e-01 -9.397677538373849782e-01 6.259057198122208732e-01 9.397726103724848290e-01 4.161940155706239121e-05
6.296848476420799923e-01 9.410779515655518512e-01 2.084488446898148596e-05 -9.410775430039407530e-01 -6.296686445957986322e-01
-5.210661491167879498e-06 -9.424576607117076676e-01 -6.337179581654370786e-01 9.424562408649425072e-01 6.337124374139727623e-01
-3.614831896283866506e-05 -6.380241981744687596e-01 9.438955286187062921e-01 -9.439129615984613864e-01 6.379610144830143437e-01
6.426196828305945630e-01 9.454472659650154931e-01 4.393025919250621777e-05 -9.454370385097869978e-01 -6.425719811999746067e-01
6.475034892511672968e-01 -9.562702342971339444e-06 -6.475188302403080964e-01 9.470674836446357769e-01 -9.470693971744088557e-01
6.528423071007246614e-01 9.488107360778483823e-01 -9.488137253805267735e-01 -3.695643626625709141e-05 -6.528791414213479527e-01
-3.106558717502714835e-05 -6.586600025595106267e-01 9.506669378911183355e-01 -9.506743041785933324e-01 6.586154768700003270e-01
6.649595175137488212e-01 9.526752234075122061e-01 -9.526804238344394049e-01 -2.203261445709891228e-05 -6.649821857095450373e-01
-1.514885273736707348e-05 -6.720060186471397135e-01 9.548615247934428840e-01 -9.548654824712760059e-01 6.719860527097548664e-01
6.798110975562763336e-01 -6.798185006236097117e-01 -9.572500149258690305e-01 -1.814104730597126177e-06 9.572516731586639960e-01
6.886982967149908319e-01 9.599025551321374028e-01 1.802226340247856792e-05 -9.599007439457376556e-01 -6.886781156640258139e-01
6.989808118961591266e-01 -4.033787975476725568e-05 -6.990194655776402755e-01 9.628941784620341782e-01 -9.629007082164511289e-01
9.663665090637765243e-01 7.113196454981725037e-01 -4.055514452876687444e-06 -9.663654741529216219e-01 -7.113259815946971765e-01
-3.246826751722797582e-05 -9.705405526614480083e-01 -7.268064211643288086e-01 9.705397114650617940e-01 7.267848240061551834e-01
7.482122221203304502e-01 9.759868036654348877e-01 -3.513063207466093945e-05 -9.759882059150124523e-01 -7.482324648242812959e-01
