-7.914329719056698020e-02 -7.888817739375891813e-02 -1.368544313758523201e-01
-1.162901626540956967e-01 -7.325541280624470186e-02 -1.165471522539242299e-01
1.687458175396653881e-01 -8.182116668716202246e-02 -1.106302673554891147e-01
1.894220270451405785e-01 -8.244138386043117772e-02 -1.119243098234374012e-01
1.974683272761382224e-01 -8.196998185129557302e-02 -1.163161503044675416e-01
1.971911080963310581e-01 -8.193972942542357418e-02 -1.163343536939132894e-01
2.004177650658740539e-01 -8.185424073863255268e-02 -1.163637030641378467e-01
2.020445244636991933e-01 -8.189846768675532185e-02 -1.163785995063940787e-01
2.038964394877780528e-01 -8.190750306890151600e-02 -1.164166078308768726e-01
2.049508029138716603e-01 -8.194426549389244308e-02 -1.164085470842362857e-01
5.782695328022344761e-01 -5.614971585643946383e-01 -5.973651544783580292e-01
7.753658587421909942e-01 -7.753632667652313737e-01 5.888599260870800801e-06
7.754853989070615849e-01 -9.803657409573950186e-06 -7.754917347196175204e-01
7.756288091045004940e-01 -7.756284206308290408e-01 -2.372014738619360871e-06
7.758020551433595369e-01 -7.757981041421817547e-01 6.899259277030598785e-07
7.759704858139681027e-01 -7.759463092217769864e-01 3.585365242309839238e-05
7.450521632346693846e-01 -8.636386889203828687e-02 -8.145490889928632683e-01
7.763491629034735553e-01 2.258039282440702650e-05 -7.763310353698695820e-01
7.765416695416011983e-01 -1.862176172370265143e-05 -7.765461118849792399e-01
7.767647238788683017e-01 3.461652088412252548e-05 -7.767404848455683464e-01
7.769852904346823408e-01 4.045278400365099280e-05 -7.769523054259463990e-01
7.772383814526520052e-01 6.932131414513740294e-05 -7.771856824180578549e-01
7.774323583753309785e-01 -7.774607033313085669e-01 -3.259883607497638389e-05
7.776953590884422285e-01 -3.358861910384644691e-05 -7.777223043642127465e-01
7.779752240620789738e-01 -8.598370257118560596e-06 -7.779875548333499147e-01
7.782598897589774189e-01 -1.422951376410716348e-05 -7.782658747527400056e-01
7.785497467296098595e-01 -2.212399954156062928e-05 -7.785623181601982745e-01
7.788531589048433013e-01 -7.788689915521127549e-01 -1.948823839837545983e-05
7.791524272218495195e-01 -4.695647052960814449e-06 -7.791606369335362103e-01
7.794900996595941489e-01 -1.028286705966508126e-05 -7.795076712243710348e-01
7.798319761597347632e-01 -2.125058727962991342e-05 -7.798486696595183787e-01
7.801624846322754436e-01 -1.616164446718976506e-05 -7.801771915325670381e-01
7.805655333944665486e-01 3.886422665375557765e-05 -7.805301403452837850e-01
7.809077443771547111e-01 -7.809212159734857384e-01 -2.392033143440015596e-05
7.812864867910249700e-01 -2.686477726454087581e-05 -7.813048784998786189e-01
7.817037784586780003e-01 -7.816699944637601760e-01 4.232779226419978433e-05
7.820739016183870795e-01 -2.016922094898399237e-05 -7.820908927681100575e-01
7.825101961633258441e-01 -7.824799594161857552e-01 3.857930587469535476e-05
7.829467379456163112e-01 6.566082070159524344e-05 -7.828837758863724794e-01
7.833836673723990618e-01 -7.833503950038949171e-01 3.677207001168954708e-05
7.838062260358437117e-01 -7.837976405519676559e-01 -6.806322169507179410e-06
7.842318681129465396e-01 -7.842553363449213943e-01 -3.327111773354445126e-05
7.847265646703918129e-01 -7.847319998386206308e-01 3.944733147059339496e-06
7.851962310461653161e-01 -7.851745011439219546e-01 2.926523208949287960e-05
7.856700714668167773e-01 -7.856987432179929343e-01 -2.993113024331148551e-05
7.861541335340602732e-01 -7.861873096518354753e-01 -3.323997793093892375e-05
7.866727672767769297e-01 -7.866925521717526015e-01 -3.493213203368792811e-05
7.871675845461901799e-01 -7.871963056943404036e-01 -2.730456306774055691e-05
7.877060265548325724e-01 -7.876937955657128398e-01 2.293936504078712352e-05
7.882167970630549192e-01 -5.484729696067781440e-05 -7.882529819272421356e-01
7.887521860895347903e-01 -7.887588778015328650e-01 -1.602000953985446049e-05
7.892845184251661150e-01 -7.893134073619267888e-01 -3.308551193565612448e-05
7.898136989576862721e-01 -7.898670447008571127e-01 -8.634796909911109054e-05
7.903888984927894823e-01 -7.904152991516362192e-01 -1.909110326830914717e-05
7.909453063525819783e-01 -7.909880302060123825e-01 -6.534488730402095115e-05
7.915311570466692093e-01 -7.915331553916862273e-01 -1.392097682457273911e-05
7.921137556277469960e-01 -7.920969523365082310e-01 3.433854801850534015e-05
7.926836206277970698e-01 -7.926847099648905992e-01 8.380140079388878588e-06
7.932692871614774877e-01 -7.932612317892278053e-01 -2.910849616931377831e-05
7.938618433164144061e-01 -7.938406324439899464e-01 2.070838312438045924e-05
7.944206677099612257e-01 -7.944381752443205880e-01 -2.065332858643931135e-05
7.950128184720065549e-01 -7.950416013920981184e-01 -1.958102200859647765e-05
7.956491990195406760e-01 -7.955745739652432258e-01 1.127622251719158646e-04
7.961991943816262296e-01 -7.962170958601414439e-01 -4.693602970888761835e-06
7.968158789019890165e-01 -7.968073025859128133e-01 6.147529900994564540e-07
7.974093708450591400e-01 3.414144252685231089e-06 -7.974098272416101363e-01
7.980017250832507347e-01 -7.980495635232540685e-01 -6.268200884922706323e-05
7.986307220099710946e-01 -1.926636538377432469e-06 -7.986302309389683440e-01
7.992076229076259253e-01 -7.992214018550800603e-01 -3.508279269105093594e-05
7.998195743977276617e-01 -7.998196136119410937e-01 -1.382321042823565408e-05
8.004229562339977289e-01 -8.004106031616795569e-01 1.478409072501707763e-05
8.010417595004020175e-01 -8.010307161173326751e-01 2.412831146755271787e-05
8.016220596375347451e-01 -8.016137507310061583e-01 6.639890006022864923e-06
8.022451886700843193e-01 2.713408774042277782e-05 -8.022196151663871788e-01
8.028006227170627618e-01 -8.028217168962447081e-01 -6.020086417695380521e-06
8.034282147557207931e-01 -5.197861429162662240e-05 -8.034314385841637707e-01
8.039928073677533593e-01 -3.184307025126532193e-05 -8.040155039616654342e-01
8.045813056671291541e-01 1.223678456432273713e-05 -8.045885072633296442e-01
8.098362038987547695e-01 1.501593822207662049e-02 -8.004973078539323605e-01
8.057787040538468837e-01 -6.298537442992199151e-06 -8.057843591689914930e-01
8.063451466512220334e-01 -1.861328718690907308e-05 -8.063644683711432837e-01
8.069521220849583676e-01 4.548020034477437862e-05 -8.069274498081923097e-01
8.075237452779252534e-01 3.591736917697161476e-05 -8.075035631730325125e-01
8.080763091396334641e-01 6.370211087651288055e-05 -8.080400158048225423e-01
8.086492508096354559e-01 -8.086511185472905483e-01 -3.804064804726015004e-05
8.092126627817136653e-01 2.119140437622854122e-05 -8.092067265276061683e-01
8.097437505444221584e-01 -1.404235093579101020e-05 -8.097720524001525977e-01
8.103311486712987399e-01 8.610915179651602234e-06 -8.103164530145399169e-01
8.108510606427701273e-01 -8.108657941616090881e-01 -2.016485124960694519e-06
8.114104784177027518e-01 -8.964680326838841192e-06 -8.114038605811964011e-01
8.119464596969253600e-01 -8.464398547454135584e-06 -8.119308209202935611e-01
8.124856604767813906e-01 1.607465473817757320e-05 -8.124665448859389461e-01
8.130116443732346987e-01 9.646894824429907956e-06 -8.129982913357839402e-01
8.135283946489870743e-01 4.873165687255296503e-05 -8.135454325090993866e-01
8.140592476931018950e-01 3.587355146555093851e-05 -8.140399752799520883e-01
8.145637088309320983e-01 1.146986855536499459e-05 -8.145765866122389731e-01
8.150572994910949554e-01 -8.150764430218210288e-01 1.183086441806872908e-05
8.155807940445529702e-01 5.533279057846220405e-05 -8.155519664429182747e-01
8.160852474290288816e-01 2.223579816737679965e-05 -8.160750064090757094e-01
