-5.773282553951113449e-01 5.773723622783077936e-01
5.773534733142205999e-01 -5.773862034677006427e-01
-5.774214350989359534e-01 5.773722797602411916e-01
-5.774214645021018555e-01 5.774480904544331272e-01
5.774566199167672220e-01 -5.775040194348712852e-01
-5.775356632186482431e-01 5.775419845514551120e-01
-5.775918117729035295e-01 5.776132635930375514e-01
-5.776847577243963139e-01 5.776687298496430145e-01
-5.777683158541921937e-01 5.777718876069329879e-01
-5.778423035053334988e-01 5.778824593385228914e-01
-5.779635869011803262e-01 5.779767827562696247e-01
5.780851722980244745e-01 -5.780946499249930426e-01
5.782383539737998568e-01 -5.782018036615965695e-01
5.783540736120396097e-01 -5.783622720885450708e-01
5.784903381877535278e-01 -5.785373555680841662e-01
-5.786579642338194329e-01 5.786972013801578996e-01
-5.788525043540204695e-01 5.788543111276793773e-01
5.790096686941915705e-01 -5.790538707476200475e-01
5.792046741954812727e-01 -5.792391054027030695e-01
-5.794159489650986261e-01 5.794489781138725260e-01
5.796318200069638937e-01 -5.796648672268724933e-01
-5.798596417136626657e-01 5.798962351103545965e-01
5.801076811473722117e-01 -5.801100280089113159e-01
-5.803438728224710186e-01 5.803900435885107623e-01
5.806405105089686991e-01 -5.806125277290049569e-01
-5.808750932909194642e-01 5.809261844774371575e-01
-5.811798104457891467e-01 5.811808021675088920e-01
5.814976573571410956e-01 -5.814837649695578925e-01
5.818135062921017120e-01 -5.817703740184307915e-01
5.821381853000382467e-01 -5.821019150019479671e-01
-5.824726742961591208e-01 5.824264829137936195e-01
5.827773713225994356e-01 -5.828097696724536814e-01
5.831303980502536843e-01 -5.831816849063906627e-01
-5.835471848374853554e-01 5.835198445884876017e-01
-5.839374710791787049e-01 5.839029469112879678e-01
-5.843261668109165363e-01 5.842991866131866940e-01
-5.846955329632748111e-01 5.847481426617707756e-01
-5.851418713353375711e-01 5.851583276859122495e-01
-5.856123367870764707e-01 5.855761828111296641e-01
5.860267950853834673e-01 -5.860692955725631537e-01
-5.865106218587263776e-01 5.865192996728618713e-01
5.869704185771453808e-01 -5.870041485501589218e-01
5.875072894476187635e-01 -5.874783385168661498e-01
-5.880363755498397849e-01 5.879766500174838928e-01
5.885416455931690161e-01 -5.885250195032036835e-01
5.890879399218991175e-01 -5.890701022243776119e-01
5.896118212266932002e-01 -5.896562387018249307e-01
-5.902352112299558140e-01 5.901940625734904966e-01
5.908196657582709399e-01 -5.907955631936889773e-01
-5.914307312928250848e-01 5.913968034283816344e-01
-5.920523790757183935e-01 5.920464778723648624e-01
-5.927156997006832739e-01 5.926684044352479308e-01
5.933696603807895320e-01 -5.933428908446753969e-01
-5.940439074072203507e-01 5.940195418497412616e-01
-5.947385601021526469e-01 5.947514804128520849e-01
5.954808703140808124e-01 -5.954465277692920777e-01
-5.961888463774627223e-01 5.962141920470149792e-01
5.969521634688887968e-01 -5.969770495643608177e-01
5.977433283562929578e-01 -5.977442949498394942e-01
5.985444128636250305e-01 -5.985749358692418198e-01
-5.993786991302623157e-01 5.993773040010106357e-01
6.002416909323715632e-01 -6.002454596468371761e-01
-6.011286946627047989e-01 6.010855930084552101e-01
-6.020175581667197573e-01 6.020225045578246892e-01
6.029276162804424466e-01 -6.029378357393748722e-01
-6.039129265929187307e-01 6.038716220123576672e-01
6.048825011146943265e-01 -6.048502639767354694e-01
-6.058726920038163266e-01 6.058818493566611174e-01
-6.069056109612176453e-01 6.069162377762575833e-01
-6.080032024581503158e-01 6.079816970578562074e-01
-6.091123416611126107e-01 6.090618022624096906e-01
-6.102266159287551561e-01 6.101984338235515448e-01
6.113846204154952391e-01 -6.113970739535168342e-01
6.125814131509823568e-01 -6.125815778628338482e-01
-6.138207743692751794e-01 6.138132965026394938e-01
6.151194223796327964e-01 -6.151052340249507644e-01
-6.164094272094825522e-01 6.164461477904130682e-01
6.177568931696755250e-01 -6.178070716237216153e-01
-6.191684069134010260e-01 6.192085145379229161e-01
6.206179036071111099e-01 -6.206541295036935857e-01
-6.221427757121142932e-01 6.221270238740798098e-01
-6.237017712600532171e-01 6.236773369039947390e-01
-6.253139922109102189e-01 6.252779455492190053e-01
6.269664002852272100e-01 -6.269609748410246430e-01
-6.286853495418185389e-01 6.286604444836232375e-01
-6.304420711887923634e-01 6.304744778139989014e-01
6.323452063055835515e-01 -6.323124463074792923e-01
-6.342493885817570565e-01 6.342337945650529107e-01
6.362665459249116084e-01 -6.362439105983890286e-01
-6.383301717922591489e-01 6.383573363435767201e-01
-6.405392882930049936e-01 6.405130792776518867e-01
-6.427832036899394641e-01 6.428142525107702898e-01
6.451704991800225608e-01 -6.451729671773783759e-01
-6.476909401572756853e-01 6.476573677714964061e-01
-6.503078010913503348e-01 6.502832689006439182e-01
-6.530648923488426849e-01 6.530308285849483196e-01
-6.559598293418184012e-01 6.559345474984039637e-01
6.590367315497478451e-01 -6.590096253826593919e-01
6.622648639471536702e-01 -6.622648382560925029e-01
