6.814383290935024373e-01 -9.083552566283450425e-01 1.556081096962086407e-01 -8.162390658971816482e-01 -3.971017916773292855e-01
6.637934435988788184e-01 -8.796244735979511509e-01 1.515818759027846019e-01 -8.642828350735473064e-01 -3.937938841960767489e-01
6.765950095026711519e-01 -8.656221974803837149e-01 1.495965522322115215e-01 -8.649835560348267949e-01 -3.893075553226843510e-01
6.769320319629335003e-01 -8.449150825318482161e-01 1.536715992719449031e-01 -8.375299929951514066e-01 -4.006884139725813698e-01
6.944652752523788886e-01 -8.839781318474295713e-01 1.447718297372462271e-01 -8.836548313017698053e-01 -3.687667902817403642e-01
6.656766814278596289e-01 -8.833442419120951516e-01 1.512329523545881682e-01 -8.633317773017648022e-01 -3.904268053868276134e-01
6.965387898330221983e-01 -8.789971105126465067e-01 1.502250225071413703e-01 -8.379187149452764771e-01 -3.914532164376969270e-01
7.788935405385091215e-01 -8.348353729066113615e-01 1.538758276635285305e-01 -7.669496024010182822e-01 -3.777893469120729431e-01
6.645720356654432059e-01 -8.811690600698498521e-01 1.499199505466052296e-01 -8.725570119373580180e-01 -3.928181960236283854e-01
7.184213568507265002e-01 -8.574057596198720876e-01 1.577164273089919910e-01 -8.573919608269127135e-01 -3.809213730230862627e-01
8.028010487657821770e-01 -8.701809516430132341e-01 1.575202733799224708e-01 -7.326275662667600663e-01 -3.794188574330268904e-01
8.006365586616976948e-01 -8.671488741475525952e-01 1.558020017413171421e-01 -7.441717129437195322e-01 -3.841126811519323114e-01
8.026385560373348049e-01 -7.696876433979815690e-01 1.528064646737249677e-01 -9.054813258008426180e-01 -3.803649705661680813e-01
7.984530399075723262e-01 -8.654412970408567052e-01 1.565590823520399688e-01 -8.108404606240583457e-01 -3.530202083766192933e-01
8.018720172173372518e-01 -8.608015222473223149e-01 1.566486360431443292e-01 -8.092407019314755701e-01 -3.531689536597782952e-01
8.015910951917528671e-01 -8.774874394743381600e-01 1.588218933312633974e-01 -7.974134623464328442e-01 -3.521480887655391023e-01
8.156127511122162055e-01 -1.008478609559265715e+00 1.544338208596510165e-01 -5.924343247500268861e-01 -3.656243740999969849e-01
8.157366706838840020e-01 -1.028898546728303609e+00 1.542248247527120419e-01 -6.201947918046677444e-01 -3.822269792240673980e-01
8.158820051778804539e-01 -1.014920042741402462e+00 1.499183267600749103e-01 -5.914535913241306675e-01 -3.881169978101376428e-01
8.169496956136922394e-01 -1.001517427224630552e+00 1.527483091151615735e-01 -5.733321104194059048e-01 -3.766656538377682883e-01
8.175609917464867760e-01 -9.988506688714308135e-01 1.535803732583049808e-01 -5.688097617250500448e-01 -3.717492293095467915e-01
8.180031703692607348e-01 -9.963982559245574411e-01 1.549441548217550813e-01 -5.697049577579048618e-01 -3.662035342817575589e-01
8.447873452125254090e-01 -8.739535365065257411e-01 2.701172994549686512e-01 -3.129908543774890806e-01 -2.643674132931701504e-01
8.170000139544885132e-01 -9.991227496610213255e-01 1.511210045617255027e-01 -5.736653553502923941e-01 -3.939831743475565862e-01
8.093325532118029741e-01 -8.427313462868892824e-01 1.397908315322482498e-01 -8.427333289623470947e-01 -3.469748049923189193e-01
8.603789119599636326e-01 -8.592924073031771304e-01 3.167118363111836588e-01 -2.462080714070442322e-01 -2.462126686856057622e-01
8.496111069297873630e-01 -8.849028063993329418e-01 2.696696368428033730e-01 -3.308773698082645431e-01 -3.308819830321494404e-01
8.358612698875853564e-01 -9.172595374879548569e-01 2.123562147054413041e-01 -3.717218927544776452e-01 -3.717430110514688413e-01
9.166606908005614507e-01 -8.975509058507283866e-01 5.787472969039877402e-01 -5.025026887524831620e-01 5.388208548026489353e-02
8.708889783306337229e-01 -8.707921384855470404e-01 4.133727339604626461e-01 -3.844857602765681115e-01 1.048453317394940632e-01
8.692664566536543180e-01 -8.722051060598738914e-01 3.856165498220640586e-01 -4.064890726587120362e-01 -4.782384859883286737e-02
8.576811428087884881e-01 -8.599588833040865410e-01 2.940320508260126919e-01 -2.446341137388007292e-01 -1.602091598619332924e-01
8.534019300509855244e-01 -8.605118326281663288e-01 2.705958322486549661e-01 -2.103418233495318035e-01 -2.103383076703651544e-01
8.534988467749066166e-01 -8.578154345305697426e-01 2.741063094055687377e-01 -1.914901579926960584e-01 -1.869376993009469468e-01
8.661960856211532445e-01 -8.549328526251407379e-01 3.376848758735329636e-01 -2.366094875508850115e-01 -2.366046219347830437e-01
8.983250210943850567e-01 -9.174389232916033698e-01 5.054533859978368460e-01 -5.120959625062702913e-02 -5.792830964570288010e-01
8.885333554672647516e-01 -9.641752885530300299e-01 4.595956427061720362e-01 -1.395603558766645436e-01 -6.808117761355361175e-01
8.378772379090220213e-01 -8.862279421091101561e-01 2.268016530495121919e-01 -3.703375080689617072e-01 -3.703354489429681040e-01
8.810508752866775817e-01 -1.145167425225206204e+00 4.234009665101172160e-01 -7.857325306874238802e-01 -2.148502719234652303e-01
8.675944988036758954e-01 -8.656719684563785044e-01 3.517399061789756587e-01 -3.340858683190428557e-01 -4.092827958920219888e-01
8.716475794593092630e-01 -8.729035439999839330e-01 4.060196340213305111e-01 9.047885556283145891e-02 -3.879955161425108212e-01
8.739472848258602600e-01 -8.353383944942780470e-01 3.905466113092693758e-01 -1.804139610602482069e+00 -2.749263756828470573e-01
9.416415712980321651e-01 -8.915074960463322817e-01 6.421603610799233586e-01 1.102926595848977148e-01 -4.738795902955344475e-01
8.947640192188821562e-01 -9.246721542339155775e-01 5.050337459977570775e-01 -5.827877239849520441e-01 -3.763057300097753799e-02
8.676846687407837599e-01 -8.665790764911973643e-01 3.431650342294114697e-01 3.845870950021361145e-01 -3.466535807906637179e-01
8.959907043052501852e-01 -8.846313877702782769e-01 5.486162465324180282e-01 -4.405356789981239585e-01 1.213940363281352658e-01
8.510517008633775582e-01 -8.726623508638580162e-01 2.586684324102016541e-01 -2.439151664326057456e-01 -2.439138439333012331e-01
8.813260086024226059e-01 -8.704506087214021193e-01 4.667570034715382565e-01 1.618249439128985889e-01 -3.767674520902281055e-01
9.011568526431312787e-01 -9.125565583535757419e-01 5.177176755188279689e-01 -3.120217313404693646e-02 -5.623589085537845644e-01
8.945535157061319520e-01 -9.280685088597462329e-01 4.881669146975732287e-01 -8.248973073378584875e-02 -6.102533706639229338e-01
8.734816099768913933e-01 -8.664327140159491236e-01 3.729274604347808109e-01 -1.904041216444029017e-01 -3.673756296230091811e-01
8.453826373299367924e-01 -9.692822090656116885e-01 2.533750206679353800e-01 -9.692548509882217278e-01 -4.743702562330404660e-01
8.703705633062481795e-01 -8.672370423372247616e-01 3.581785564163182389e-01 -2.544082451577677761e-01 -3.551552009225155682e-01
9.889877843284841097e-01 -8.864690203021408088e-01 1.602525021770100366e-01 7.103017726270601795e-01 -4.496032781882339791e-01
9.142022932184402650e-01 -9.001184984146435308e-01 5.682270223343265370e-01 3.840903382558287504e-02 -5.132164908050682595e-01
8.947314805330379706e-01 -9.273704109006362106e-01 4.889966554774949903e-01 -6.084585529274948446e-01 -8.088789041186715545e-02
8.685823597236494997e-01 -4.139860822124222794e-01 3.504061262323713288e-01 -8.712128083756657260e-01 -3.210296468746028919e-01
8.868476456648144435e-01 -1.563901307584368294e-01 4.514378130269840472e-01 -9.834884487775660267e-01 -7.046455333023803336e-01
8.828128385345341833e-01 -1.073622248335816209e+00 4.319400138018167912e-01 -7.637378217854829954e-01 -1.973410073588666158e-01
8.743602566666246467e-01 -1.740261020561183258e+00 3.923829667342663141e-01 -8.336614802874083852e-01 -2.719390648196682858e-01
8.815990053167734875e-01 -1.119342364571088044e+00 4.260615195994307824e-01 -2.093813835273461432e-01 -7.791297772324166093e-01
1.075283729128035493e+00 8.161421122430390085e-01 3.173926634518006162e-01 -8.654964555704376394e-01 -3.470891775993831807e-01
8.955138608243685683e-01 -9.248449441929043058e-01 4.926074974715815014e-01 -7.421506870851381221e-02 -6.015142171619916045e-01
8.714183100457399966e-01 -1.616391152125383535e+00 3.794806373958461432e-01 -2.803181773200412730e-01 -8.327361494000329323e-01
9.014058543803100676e-01 -9.120996928393565462e-01 5.187802551506826010e-01 -2.944979065745358116e-02 -5.608214353550171616e-01
8.702659066410848299e-01 -8.713466894654514627e-01 3.526255674645091265e-01 -3.791256706136378885e-01 -3.316487571767478548e-01
8.797514736187241891e-01 -1.213773688429909736e+00 4.172309982260381522e-01 -7.989265453699782027e-01 -2.270416308334399780e-01
9.027604560008630763e-01 -5.536905589437988162e-01 5.245150951848478460e-01 -9.101448870165742555e-01 -2.048676796199165595e-02
8.700189814044244629e-01 -8.755817822599926137e-01 3.523709414373388804e-01 -4.787200025949266413e-01 -3.273087655906037341e-01
8.776006461285498217e-01 -8.162405644596766319e-01 4.071364741854611169e-01 -1.369745318124583333e+00 -2.462077430334520534e-01
8.779432535452631470e-01 -1.340259534922462636e+00 4.087509074092153250e-01 -2.432042689989881157e-01 -8.137886444805388919e-01
8.830720868279577918e-01 -7.602304449513506146e-01 4.331372728278393702e-01 -1.948314151625075152e-01 -1.065097759125705368e+00
8.921203686864302984e-01 -9.382134790912060041e-01 -1.044154983080352594e-01 4.767623909165921159e-01 -6.348762106887143597e-01
8.845707869597962958e-01 -1.024583004913556028e+00 4.403752445062382170e-01 -1.797084441324056925e-01 -7.388224864538619485e-01
8.647363464112198805e-01 -3.223486555350612015e-01 3.250762292312492363e-01 -3.223504716321823338e-01 -8.760648067508499670e-01
9.118549624628485839e-01 -9.015775132762129385e-01 5.599394741080856441e-01 -5.195085416407694279e-01 2.832981543255322712e-02
8.818118339426721519e-01 -2.073060689833438608e-01 4.270788485919498889e-01 -7.765606609818586081e-01 -1.110488353067449641e+00
9.004299587494903889e-01 -5.663887269355476484e-01 5.145770028854341760e-01 -9.136739913511640054e-01 -3.619986371546992515e-02
8.632648283078877549e-01 -7.045782363220229882e-01 3.028184452314360842e-01 -6.247429659801684299e-01 -7.042298523748817818e-01
8.927536827633482108e-01 -9.351975035570370132e-01 4.797496124454527777e-01 -9.857442829532965523e-02 -6.280422586224397863e-01
8.670323921535920686e-01 -8.662982978317037563e-01 3.276991954248779093e-01 -4.880932306384010433e-01 -4.881281922898503822e-01
9.048765131245442017e-01 -9.036049006927152627e-01 5.308965082278298553e-01 -8.361711533984707984e-03 -5.354508369950963242e-01
8.831327964175397227e-01 -7.593509621068246229e-01 4.334416691468507832e-01 -1.941857113995090200e-01 -1.063109344061237138e+00
9.159659322275097715e-01 -8.991568129842030244e-01 5.741967227568360865e-01 -5.090382531651593823e-01 4.530719513268312293e-02
9.054798622979502998e-01 -9.068937419780422893e-01 5.356855079247834217e-01 -5.412832606130424384e-01 -3.933081629069514092e-03
9.175779425069245931e-01 -8.983800034851319172e-01 5.794937095807388694e-01 -5.055735987892708838e-01 5.122767214826521448e-02
8.826845640912015512e-01 -1.077812464196868936e+00 4.312816226229441163e-01 -7.654263057458975394e-01 -1.986627007458496852e-01
8.727655888376910642e-01 -8.750954822364331864e-01 3.560422630315767112e-01 -3.916480425402955046e-01 -3.291392164090666261e-01
9.003471703601972909e-01 -9.138191023370669797e-01 5.142201961406862587e-01 -3.678872139155817816e-02 -5.668909001418038773e-01
8.981992533899449960e-01 -9.179502772676552125e-01 5.047613397618444520e-01 -5.807135870135380351e-01 -5.261280984603778493e-02
9.279840789112858701e-01 -8.945553417686855635e-01 6.100927411983469995e-01 -4.881938865958865281e-01 8.240134261976780894e-02
9.285755997398101869e-01 -8.943972037159062527e-01 6.116784298662394370e-01 -4.874277958856939597e-01 8.390009503995357609e-02
8.945909133226270793e-01 -9.278562766134315076e-01 4.883397323308426019e-01 -6.097499152453758064e-01 -8.210550242311552560e-02
9.098607863716570154e-01 -9.029862621305966286e-01 5.526485768668185639e-01 -5.254454824689609449e-01 1.912298452554993256e-02
8.958178347598558799e-01 -9.239407268945843965e-01 4.940062847952415570e-01 -5.989243580882418483e-01 -7.163244758065592799e-02
8.801692718955080874e-01 -8.811918094668804713e-01 4.444049923263158064e-01 -4.019861511556157563e-01 1.575132348157000095e-01
8.841730835084107287e-01 -1.033929451826382628e+00 4.384875913181431328e-01 -7.445296419336357996e-01 -1.836232963698650467e-01
9.172026066708630632e-01 -8.985571320486849256e-01 5.782774740527392154e-01 -5.063620815077112258e-01 4.987994613274959049e-02
8.860614101239078222e-01 -9.952866734044469865e-01 4.476348850974832816e-01 -7.162979159734974566e-01 -1.643691792226588955e-01
