5.772512352324004059e-01 -5.774479392101434794e-01
5.774161692926051970e-01 -5.773306708870702408e-01
5.773704963824256575e-01 -5.774157598359959120e-01
5.774181688006552182e-01 -5.774371755004884532e-01
5.774350166272217422e-01 -5.775252175461784709e-01
5.775361203846171021e-01 -5.775253001313277457e-01
5.776118462134509635e-01 -5.776036569139293420e-01
5.777008632554122558e-01 -5.776698852994417432e-01
5.778025070635091076e-01 -5.777430427431897719e-01
5.778426212114782246e-01 -5.778822385874597956e-01
5.779496776766350763e-01 -5.779811475585665548e-01
5.780701244612269640e-01 -5.781069876135892516e-01
5.782481826951721970e-01 -5.781850433996492677e-01
5.783612735101804070e-01 -5.783480692285558611e-01
5.785026913588872111e-01 -5.785279477241489499e-01
5.786952038665692521e-01 -5.786466423961029726e-01
5.788305987565183219e-01 -5.788789197511736706e-01
5.790253623977956732e-01 -5.790168850556060010e-01
5.792587714607433380e-01 -5.792096042254581967e-01
5.794171959859810705e-01 -5.794206342533634313e-01
5.796333532015116585e-01 -5.796728522640244297e-01
5.798806199712491782e-01 -5.798605941254328933e-01
5.801264381584956276e-01 -5.801197332991414601e-01
5.803650044581871725e-01 -5.803522527450251101e-01
5.806141908608390967e-01 -5.806630531717351662e-01
5.809160397933023079e-01 -5.808757077613042608e-01
5.811511865250718056e-01 -5.812151017257085606e-01
5.814500109422398033e-01 -5.815219624374328156e-01
5.818199843342085620e-01 -5.817669008633110650e-01
5.820808764661137280e-01 -5.821487668741911481e-01
5.824372120704380817e-01 -5.824784437397546588e-01
5.827882902695116218e-01 -5.828254622299805510e-01
5.831479211518004746e-01 -5.831765790795755411e-01
5.835047117840936881e-01 -5.835646124379554323e-01
5.838833485081813546e-01 -5.839264816123810320e-01
5.843304157056192771e-01 -5.843185700183413100e-01
5.847420827689967515e-01 -5.847105506346407244e-01
5.851317735837772149e-01 -5.851651602260179441e-01
5.855570797297757757e-01 -5.856044771295645379e-01
5.860210168600659131e-01 -5.860805598773438652e-01
5.865043659690136746e-01 -5.864909107037823421e-01
5.870156420490033611e-01 -5.869599780126536492e-01
5.875225611963905692e-01 -5.874659252953160493e-01
5.879680075185065302e-01 -5.880267684489439706e-01
5.884970584165407637e-01 -5.885345366455794203e-01
5.890951250044177412e-01 -5.890531661088244109e-01
5.896007149821822502e-01 -5.896140988710909525e-01
5.901929066768207832e-01 -5.901778898308616128e-01
5.907666241344301516e-01 -5.908094189796266882e-01
5.913850032360427056e-01 -5.914206414170325443e-01
5.920507122151854595e-01 -5.920159535706472909e-01
5.926837005644538525e-01 -5.926592258693461623e-01
5.933495446756410496e-01 -5.933070994609979110e-01
5.939507818585454402e-01 -5.940221550004669560e-01
5.946685909361053568e-01 -5.947182667083804608e-01
5.953786834556388241e-01 -5.953996119928665065e-01
5.961683812226082901e-01 -5.961326137054508978e-01
5.968772116983985798e-01 -5.969060686818875583e-01
5.976407430502056473e-01 -5.976406973263076461e-01
5.984935371137314331e-01 -5.984075820934511292e-01
5.992358087658553600e-01 -5.992636153921533371e-01
6.001403584632374333e-01 -6.000791825417806091e-01
6.009175464985336834e-01 -6.009360777491581374e-01
6.018409347881049642e-01 -6.018202561631877945e-01
6.027284914896440249e-01 -6.026957881609493750e-01
6.036357990204146429e-01 -6.036793918721516938e-01
6.046008807448198796e-01 -6.045634381797677648e-01
6.056078811252622041e-01 -6.055480343165100532e-01
6.065766635510608795e-01 -6.065240199414707600e-01
6.075889451141482933e-01 -6.075406447851428027e-01
6.085877655093583360e-01 -6.086437573951077873e-01
6.097000841872406429e-01 -6.097018249711259053e-01
6.107642995801190189e-01 -6.107993640383089229e-01
6.119217162924828202e-01 -6.118799042074500871e-01
6.130135209784218775e-01 -6.130718424524090882e-01
6.142573382141028882e-01 -6.142009817212827905e-01
6.154243232313760803e-01 -6.154385181678805328e-01
6.166812448377911871e-01 -6.166615876506726934e-01
6.179506138556859485e-01 -6.179205409741970190e-01
6.192314884146149501e-01 -6.192311472156485364e-01
6.205457737745774249e-01 -6.205316715408465411e-01
6.218961209965180315e-01 -6.218535483908245176e-01
6.232242273699911683e-01 -6.232930873220391410e-01
6.247088310023407587e-01 -6.246546829247525690e-01
6.261456417525991247e-01 -6.260871593160237669e-01
6.276173241489697574e-01 -6.275480584461716749e-01
6.291247422946425472e-01 -6.290716754722385229e-01
6.306332199290050067e-01 -6.306601462192648055e-01
6.321794900810814299e-01 -6.322329326163522722e-01
6.338359589690532037e-01 -6.337575625516396194e-01
6.354319659946905396e-01 -6.354235335726469147e-01
6.370976187178880590e-01 -6.370431897692605538e-01
6.387546257274605566e-01 -6.387514937893156164e-01
6.405092160359371345e-01 -6.404505194939209556e-01
6.422004457051790904e-01 -6.422206407989403676e-01
6.439919037166601523e-01 -6.440234836675712282e-01
6.458305014867073979e-01 -6.458165404113205277e-01
6.476787869478648485e-01 -6.476590186858036668e-01
6.495082178800034578e-01 -6.495352027237710768e-01
