-8.566785583467858567e-01 8.210620392894476538e-01 -5.532281353016477166e-01 8.826788821913673921e-02 5.097484830413087642e-02 -3.373750728032860469e-01
-8.820692413806234811e-01 8.338163591498022331e-01 -5.084186307184948017e-01 8.548890160152591844e-02 5.399434971091676694e-02 -3.521860268747889489e-01
-8.465533704099972301e-01 8.303892385600941672e-01 -5.341374488400165710e-01 8.550972672978804368e-02 5.400809023034653517e-02 -3.519896022289934479e-01
-8.578820876479122948e-01 8.471369801747731243e-01 -5.186116008188060844e-01 8.682277699203488908e-02 5.486093848135232404e-02 -3.431503485601422598e-01
-8.533120644895875184e-01 8.364620110076715909e-01 -5.129166688847121014e-01 8.836016422528306102e-02 5.273093270998169269e-02 -3.548310084630464933e-01
-8.621509271159656373e-01 7.951701697978986738e-01 -5.166919919737300582e-01 8.692981122831799912e-02 5.457836037047562178e-02 -3.563427759298098962e-01
-8.585775740775023479e-01 8.546458563278731546e-01 -5.151422445876528977e-01 8.239846130946423819e-02 5.493993942427630867e-02 -3.555772619654495870e-01
-8.462109900692167397e-01 8.301914836397024100e-01 -5.086086970710759214e-01 8.551056742327503568e-02 5.674237555642940023e-02 -3.518356420607421930e-01
-8.320274787618757717e-01 8.615172882485040429e-01 -5.051474130597166656e-01 8.506797973306781668e-02 5.483788094742770430e-02 -3.565676734324475516e-01
-8.478363931912951124e-01 8.346815948152603859e-01 -5.125863297489874348e-01 8.608141537560948242e-02 5.418544396866115109e-02 -3.599916582806015342e-01
-8.479684341284570159e-01 8.321079632453012298e-01 -5.093295050586794659e-01 8.571760034003836348e-02 5.657166479877144549e-02 -3.508631586865321172e-01
-8.465486201648453335e-01 8.713514163756421738e-01 -5.089610594769651275e-01 8.553294127315400064e-02 5.404716726149292466e-02 -3.516534834305560242e-01
-8.474855834766401586e-01 8.375531161114000422e-01 -5.308064574912025879e-01 8.548809485074396197e-02 5.406181181550429038e-02 -3.515922749925513013e-01
-8.585645867919008412e-01 8.407419079553639651e-01 -4.999697069773479940e-01 8.441458168888055225e-02 5.452821110870164495e-02 -3.613385035113899635e-01
-8.589975464899597402e-01 8.397321148314669248e-01 -5.227300726337693604e-01 8.572859626075314543e-02 5.396476215691842215e-02 -3.518924809548346078e-01
-8.462000762017236610e-01 8.300371401333430654e-01 -5.341125415528107379e-01 8.550427947817151875e-02 5.407115215537228181e-02 -3.518246135525289198e-01
-8.520554191376289443e-01 8.320189362350829398e-01 -5.051157462739663817e-01 8.704683629770176845e-02 5.524887620711106673e-02 -3.527349007960003391e-01
-8.102077955828728140e-01 8.494401359524040851e-01 -5.178220189060664946e-01 8.764158102288373275e-02 5.323451882330430818e-02 -3.576871003079912792e-01
-8.521635479743151498e-01 8.287161460487002529e-01 -5.196994582729093093e-01 8.557742587579093840e-02 5.692683452319392823e-02 -3.480940645368320041e-01
-8.647082982161720111e-01 8.184026107463411304e-01 -5.324780243191038487e-01 8.654487337064308006e-02 5.378463907542981037e-02 -3.504125212082565555e-01
-8.567775771542451846e-01 8.300371401333430654e-01 -5.277540589152772688e-01 8.550427947817151875e-02 5.407115215537228181e-02 -3.518246135525289198e-01
-8.443323730132006322e-01 8.333890671614263557e-01 -5.129003718478442053e-01 8.843811920252055148e-02 5.419124090180924697e-02 -3.564656861609833416e-01
-8.419850674920974498e-01 8.327663486657634895e-01 -5.083514420693364677e-01 8.826098119122702257e-02 5.464998635957668549e-02 -3.547940044508249846e-01
-8.545263494751850208e-01 8.338066338519667386e-01 -5.095354323941798658e-01 8.698776945977390596e-02 5.393742279746207430e-02 -3.606600183669874116e-01
-8.605399453935609344e-01 8.364544408698109113e-01 -4.864634653578430168e-01 8.699943430528368771e-02 5.498503356122588781e-02 -3.576740914841105567e-01
-8.409618015603199659e-01 8.307233495775849796e-01 -5.233900331027263597e-01 8.530270940177364647e-02 5.426598383093170219e-02 -3.592833437030581445e-01
-8.674170267508720666e-01 8.419092009745039462e-01 -4.608106530681007063e-01 8.788652135302464641e-02 5.561597774121332383e-02 -3.598625259106685847e-01
-8.447684619895853286e-01 8.335667905234849240e-01 -5.146475021114360615e-01 8.595340175092208712e-02 5.623263842751834163e-02 -3.519895062040566680e-01
-8.493121215558581127e-01 8.371584584494166092e-01 -5.276809937032820308e-01 8.419909399350120061e-02 5.326241987237562148e-02 -3.597140769701976382e-01
-8.332491446050432904e-01 8.431689572562941493e-01 -5.085243997923570847e-01 8.584747586615834591e-02 5.481587557190001347e-02 -3.372098245422417984e-01
-8.465091913617960317e-01 8.401516047453631009e-01 -4.881969839729375371e-01 8.867440195942971615e-02 5.385380030900926984e-02 -3.613971292496828691e-01
-8.342228443233584700e-01 8.433366608842863821e-01 -5.303266337588885548e-01 9.046870459803998954e-02 5.532583118199307926e-02 -3.353460877521763361e-01
-8.399846886240469601e-01 8.400352035222120595e-01 -4.984239694551367839e-01 8.524161022138332378e-02 5.673865271437271429e-02 -3.521091777619304586e-01
-8.355190259428311172e-01 8.414616620659955970e-01 -5.198953017141454414e-01 8.368125233677486952e-02 5.554177598905885027e-02 -3.685535611275618795e-01
-8.378170830791101809e-01 8.405793306187354652e-01 -5.142735967940395003e-01 8.256618357861603141e-02 5.453200767143381866e-02 -3.596804193878713196e-01
-8.400333453993874544e-01 8.415359367092256626e-01 -5.209371125326087704e-01 8.738744027508338341e-02 5.245735601600445830e-02 -3.574040918205671491e-01
-8.351764168497838314e-01 8.416653519956600604e-01 -5.205712041591457062e-01 8.226337531877821185e-02 5.398208213224343910e-02 -3.656287766027442876e-01
-8.364329151966418685e-01 8.425166565120076889e-01 -5.184576953681281353e-01 8.429802080485326865e-02 5.376307350294501353e-02 -3.625859843774865698e-01
-8.393914515214304650e-01 8.431413440732511422e-01 -5.155293561542905190e-01 8.377203809408179103e-02 5.445145036617984879e-02 -3.612692929089480476e-01
-8.462206227953116278e-01 8.410429864145619883e-01 -5.081423803068068068e-01 8.158043607584831991e-02 5.579034488655019997e-02 -3.569773742932214611e-01
-8.438071705845273662e-01 8.424056101718148115e-01 -5.173347485366116549e-01 8.291269034814238714e-02 5.481098311107414356e-02 -3.612934259421355376e-01
-8.407591482121585802e-01 8.429026676520524619e-01 -5.100796737419510674e-01 8.337646175644959634e-02 5.530998468446800265e-02 -3.633618737853500091e-01
-8.387717659653772806e-01 8.438335601766480121e-01 -5.196982828605940519e-01 8.344464285599473286e-02 5.594803413455637364e-02 -3.549487139909079936e-01
-8.409733456365350301e-01 8.440161921831019765e-01 -5.126857315733837073e-01 8.976727352574837004e-02 5.201215195485683201e-02 -3.531517994788999637e-01
-9.319875468756387837e-01 8.934345401070319381e-01 -6.224094873651434545e-01 5.390496636035408962e-01 -9.640623663692193812e-02 4.730667270561205173e-01
-8.853161194078341678e-01 8.585064407895645067e-01 -2.766634466607826859e-01 3.768054384991418315e-01 -6.735442078652810471e-02 -2.763957921382055316e-01
-8.998829558983439947e-01 8.992374502204838471e-01 -1.101317848165185853e-01 5.125229133798456793e-01 -1.101020335456915356e-01 -5.158933096211247848e-01
-8.782659367020524410e-01 8.522223760358647038e-01 -3.651558905135520172e-01 3.215658692188490542e-01 -5.495170654149737766e-02 -3.651625920290090255e-01
-9.158318959322400143e-01 9.073767107333072790e-01 -5.901585947178613623e-01 5.533122506986904998e-01 -1.915318168748548766e-01 1.027213037683035457e-01
-9.126248598533244216e-01 8.972992209461698732e-01 -5.393381921442308435e-01 4.986909212691196247e-01 -9.542555817684225672e-02 -3.033440724148964707e-01
-8.799602862174195073e-01 9.162966959632871111e-01 -2.524758641756214561e-01 5.742954946103797642e-01 -1.587860394014563026e-01 -1.998426024724998529e-01
-8.846946774627030274e-01 8.566095858489395365e-01 -4.639643620831178650e-01 2.341493494181448032e-01 6.917475989880597642e-02 6.918378600707797421e-02
-8.482867503406653631e-01 8.487603895977213764e-01 -3.971987045730001054e-01 8.364792129631404283e-02 8.448352894321420337e-02 -3.434262348143305443e-01
-8.630786429358845435e-01 8.479745125696197539e-01 -4.140904894570026640e-01 9.405807862987791701e-02 9.410284933999732426e-02 -2.689619752980272338e-01
-8.593984106971594983e-01 8.596974083858605065e-01 -2.753762569497639756e-01 1.556013561645888110e-01 4.993550670717369910e-02 4.990986973677361688e-02
-8.590892110309985563e-01 8.534574563317378626e-01 -2.261395049597708373e-01 1.087650994832708995e-01 7.048172557424058071e-02 -1.273455653704581025e-01
-8.607517865009450819e-01 8.559888311222626500e-01 -2.640487599627373561e-01 1.150780193332413409e-01 3.920233454393851069e-02 3.915591138896437617e-02
-8.601008646810439640e-01 8.535560653241704987e-01 -2.707470852039584597e-01 9.605974866847807880e-02 4.594480595179366300e-02 -6.304115338650588540e-02
-8.701858174372665289e-01 8.552153398568221876e-01 -3.346076522336747794e-01 2.044477761075271793e-01 6.550789676621866786e-02 6.408945248499423042e-02
-8.557729306801670210e-01 8.543788300532939584e-01 -2.085817103518831095e-01 1.024006899039482388e-01 7.685064828672885651e-02 -2.085910544249235388e-01
-9.335248138701046638e-01 8.814206754148309342e-01 -6.067739209030273972e-01 2.578807591029075308e-01 1.211776609469488453e-01 2.209636466830036394e-01
-8.940935390971531671e-01 8.633159584691225685e-01 -5.588226304167287495e-01 1.165922362888880126e-01 1.000674469848071568e-01 1.182336856495599386e-01
-8.685685940209997291e-01 8.626288484893596120e-01 -3.560722342986098465e-01 1.706873581576583698e-01 1.212474022182589289e-01 1.212920344662259675e-01
-8.700432280024528175e-01 8.657259161733994457e-01 -3.631599913070335250e-01 1.850450695961869396e-01 1.082225990011454614e-01 1.082365750332999199e-01
-8.855866424820753036e-01 8.567016214602780622e-01 -5.073174096246124698e-01 1.102709933046117918e-01 8.547458679177365182e-02 7.874726676513126022e-02
-8.662860583707649997e-01 8.595595402880102931e-01 -3.217364448761689810e-01 1.165497892138820102e-01 8.665060312331715475e-02 1.166147812747898027e-01
-8.586066611681734129e-01 8.585632015196038580e-01 5.447148441670510849e-02 1.233503983019929168e-01 5.450205860263453855e-02 -2.167908788919505059e-01
-8.616169024698582257e-01 8.564792851705247401e-01 -1.639793094754084801e-01 1.454083230945180660e-01 7.431940335856949964e-02 -2.077227338157389691e-01
-9.074270227008724987e-01 8.508386449444715893e-01 -6.531923595349755640e-01 6.106908250705763569e-02 4.638581281433086512e-02 4.644610903132330437e-02
-8.749222953299030658e-01 8.591309715776822564e-01 -3.620724098332711582e-01 1.867482530915440808e-01 1.011368692053735419e-01 1.007156746599935093e-01
-9.060771598131696081e-01 8.949453590244287327e-01 -5.294575839792844407e-01 3.471697930747081884e-01 1.165880728534249844e-01 3.471772369532595270e-01
-8.596124287790838370e-01 8.601775246705095634e-01 8.746769300932982771e-02 1.330410047641049642e-01 8.741926523225293510e-02 -2.370317390405238533e-01
-9.022298535809916142e-01 9.083520239561393428e-01 -5.204461822629461443e-01 1.290686252887442431e-01 7.156189202522221515e-02 5.412555714300808507e-01
-8.940865597948559618e-01 9.308653520079299692e-01 6.183241915397421629e-01 1.300617853087068232e-01 6.898809560117319384e-02 -4.861381305813196052e-01
-8.620038421717548527e-01 8.569316104089423902e-01 -2.188212126452846462e-01 1.222265033277572521e-01 6.231226098178752060e-02 -2.206288885504268937e-01
-9.198349362793063477e-01 8.888670918439511848e-01 4.077214611004482681e-01 1.588478766082874194e-01 8.104874034945669381e-02 -5.761712442263198231e-01
-8.851694813002336515e-01 8.629903143152946043e-01 -4.386463544557059890e-01 1.250559975669600643e-01 7.745642836876429072e-02 7.752750934799951255e-02
-1.013705137948750945e+00 8.861592307282750713e-01 -2.426637985098083483e-01 4.496956535798407595e-01 -1.015111144854188296e-01 -7.358471625548876904e-01
-8.644653821774668234e-01 8.863107495880566677e-01 -2.567885794533966148e-01 4.629715965673203981e-01 -2.520947257679486894e-02 -2.521283673043292484e-02
-8.705751072237497556e-01 1.222745568185341414e+00 1.295190002372685889e-01 7.871566037776518421e-01 -2.190457781965754469e-01 -2.501965091438270727e-01
-8.969004790079762035e-01 9.071027211224762521e-01 -4.594584639588936703e-01 5.354846307092298030e-01 -1.083882016510407525e-01 -1.854421426862892797e-01
-8.999940778668134023e-01 9.464427523488785354e-01 -5.359162094006562072e-01 6.674125869543250378e-01 1.940466719560924591e-01 -1.816636126234942306e-01
-9.945846658227235348e-01 8.985911362775961253e-01 -1.045012033795929662e+00 5.042494845725110642e-01 -6.358096130607185370e-02 -6.188130131642679554e-01
-8.670796473021484818e-01 8.979467176704609699e-01 -8.282690217880872563e-02 5.490498931163610985e-01 -8.280503703733012311e-02 -1.860920135530477193e-01
-8.943161329067846887e-01 9.058055076991624599e-01 -3.144480444031921285e-01 5.286979308499026864e-01 -1.252527954628775697e-01 -3.666090519980444440e-01
-9.476692263904101798e-01 8.471981737999501050e-01 8.367902583904122116e-01 4.938129880440701447e-01 -1.097555004524496114e-01 -6.511021277771542604e-01
-9.246110226565850132e-01 9.537930205808420325e-01 2.827354451062262797e-01 7.128476658388310794e-01 -2.061874613278358859e-01 -6.355541904208974469e-01
-8.685533221657851799e-01 8.769395190963984454e-01 -6.944954999579236454e-02 4.596268724171196363e-01 -6.944611068564410239e-02 -1.981182046983722134e-01
-8.729151736176066212e-01 1.021739181503724225e+00 -2.692627397167710046e-02 7.151134046259552957e-01 -2.255161333139909519e-01 -1.732320323048565647e-01
-9.056171067460142554e-01 9.002471895832924176e-01 -5.071818977709882104e-01 5.096466358241793504e-01 -1.211713309216940482e-01 -2.166381479351272010e-01
-8.850227671848422961e-01 9.226124650682745454e-01 -3.358081537096758717e-01 5.807939162528584776e-01 -1.408264184410949471e-01 -1.704840376142162106e-01
-8.847530669082166455e-01 9.209212924691908553e-01 -2.049498413495585980e-01 5.751376941151516986e-01 -1.635374555259991314e-01 -2.950298369809823962e-01
-8.749903031672376930e-01 9.374066893342682949e-01 -1.760998164064428440e-01 6.331063231940146085e-01 -1.105699138896449329e-01 -1.760920832271438974e-01
-8.915769563701916312e-01 9.125282739431588297e-01 -3.963838388553949654e-01 5.536481557690561273e-01 -7.198271590135306430e-02 -2.673474401837978576e-01
-8.930374794064817046e-01 9.077484850065847821e-01 -3.430242681226353119e-01 5.358390140458434425e-01 -1.106403626190909373e-01 -3.343038867987960794e-01
-9.048597339432621345e-01 8.979862242016618534e-01 -4.542189062216002160e-01 4.987828727581391508e-01 -1.409790541128666530e-01 -3.322719867051649456e-01
-8.881466263017064877e-01 9.139798359738536826e-01 -2.232149272099186454e-01 5.552661622380469231e-01 -1.533961408879528088e-01 -3.359404058624108069e-01
-8.797470823631061698e-01 9.801488452943140084e-01 6.988455127901457842e-02 6.881556081328518149e-01 -2.186486657385060539e-01 -3.470842930490437017e-01
-8.940265514712810724e-01 9.048244022904389228e-01 -3.133983186176270697e-01 5.241162725880139650e-01 -1.590103256896967243e-01 -3.397982405571880471e-01
