9.465599779274298520e-01 7.472939415909765071e-01 -1.784114727588409499e-01 7.537481493456732462e-01 -2.810826111937398952e-01 -5.022129577787424193e-01 1.616876948069982389e-01
9.537827106321292714e-01 7.545742811499361880e-01 -1.816985531825549005e-01 7.691151282681579771e-01 -2.857550031270374991e-01 -4.990629760026544792e-01 1.505608986533100990e-01
9.568128514380659366e-01 7.363979402877756097e-01 -1.791394375280176698e-01 7.771314864983713822e-01 -2.763675726185601533e-01 -5.091565653602383446e-01 1.581491067335428768e-01
9.989193808526697360e-01 7.397004332711397678e-01 -1.781170142188599481e-01 7.539547143242604221e-01 -2.793245982792506021e-01 -5.070063479132920214e-01 1.561428287747368138e-01
9.701238204810747057e-01 7.513922313144238974e-01 -1.769926091764083831e-01 7.586855168779251812e-01 -2.809520284908226806e-01 -5.110315254122852480e-01 1.547860054009971842e-01
9.580204944578938342e-01 7.634070528065581840e-01 -1.793585179610701907e-01 7.592724262256205225e-01 -2.814571982711737697e-01 -5.105847391345517128e-01 1.572613768091255526e-01
9.427663560337133930e-01 7.413534260287752975e-01 -1.790139167687975486e-01 7.500676029638119191e-01 -2.807696028396872157e-01 -5.286284823340278161e-01 1.567644571088593342e-01
9.696558526741771988e-01 7.452962188785550168e-01 -1.777632334163580241e-01 7.467590321708543755e-01 -2.755440775609536153e-01 -5.236131581615557362e-01 1.573538638978677628e-01
9.631252609070485304e-01 7.487668811882584041e-01 -1.845382023273766103e-01 7.541505116662341468e-01 -2.827866045137245044e-01 -5.038825213686702886e-01 1.531872057106503093e-01
9.511764354197178584e-01 7.531282234394018893e-01 -1.773169462094228988e-01 7.582213752555465591e-01 -2.787158018856322750e-01 -5.099333225019258009e-01 1.570089084599371465e-01
9.860605950811049958e-01 7.481609299371956290e-01 -1.781445897338009565e-01 7.507063663867046266e-01 -2.823299693406274291e-01 -5.147407915530215483e-01 1.543843119722702606e-01
9.700072589357213726e-01 7.534086929377034059e-01 -1.815529175330878875e-01 7.688246723521828807e-01 -2.817389072441128794e-01 -5.166468750419785927e-01 1.493837496986547553e-01
9.871590893915277443e-01 7.318367325313059890e-01 -1.791860515259413589e-01 7.399868926714956441e-01 -2.712991969842479256e-01 -5.235384325695804364e-01 1.623485148228235586e-01
9.618359042309098106e-01 7.490214076386201292e-01 -1.741156375932615408e-01 7.499243357426614853e-01 -2.849972631013232283e-01 -5.172031543159996136e-01 1.582931035128224417e-01
9.535568026814333908e-01 7.438969645708657374e-01 -1.789433656206131928e-01 7.436405135937109723e-01 -2.810686419166104066e-01 -5.104340563420541876e-01 1.571339816972351644e-01
9.698554268604753226e-01 7.441110649334410354e-01 -1.710657051496788927e-01 7.491888193115842087e-01 -2.831076566903329428e-01 -5.200732242360817104e-01 1.601824574559468362e-01
9.506418381613472857e-01 7.546883669365274105e-01 -1.759639115184764568e-01 7.548778985326617397e-01 -2.837381081510958469e-01 -5.069497313187965037e-01 1.576929814254002249e-01
9.560895949941827787e-01 7.434518454063592241e-01 -1.790132350587641252e-01 7.581026708204389175e-01 -2.809071610330724500e-01 -5.302947095651577847e-01 1.519026634668248776e-01
9.625887990849129050e-01 7.578553146096860260e-01 -1.803748277281844725e-01 7.583390527259761260e-01 -2.827460840033381162e-01 -5.089514776844725752e-01 1.566944603907534928e-01
9.467347206904134227e-01 7.452820980774438331e-01 -1.777684759018298699e-01 7.450329665913880683e-01 -2.811228077072580600e-01 -5.104387080294767731e-01 1.624447958462100772e-01
9.554006783770926381e-01 7.382529897530171192e-01 -1.784885387196867845e-01 7.555273993506317343e-01 -2.789683597930024406e-01 -5.065562297942436398e-01 1.632997923226010284e-01
9.544858802654904162e-01 7.428248750939228096e-01 -1.769777681598862507e-01 7.502909730537246080e-01 -2.794399166108251231e-01 -5.081767639484778831e-01 1.634691189969754987e-01
9.534087681370649880e-01 7.555302822340088653e-01 -1.802515849932102010e-01 7.562441585775849795e-01 -2.835758563884032135e-01 -5.132412106085881831e-01 1.512533989859671246e-01
9.456949316155708329e-01 7.485101700485399245e-01 -1.858768298563194810e-01 7.484553182321463938e-01 -2.898893895939396725e-01 -5.097650007644625170e-01 1.550277327323746901e-01
9.350147853239282325e-01 7.450905858515568525e-01 -1.873880194955138967e-01 7.450439756921012346e-01 -2.898720584307443171e-01 -5.020215003875394544e-01 1.518269006957686518e-01
9.347640692044167920e-01 7.377582655665224642e-01 -1.776871083676688223e-01 7.378324903369489762e-01 -2.842154116363997396e-01 -5.185798308627613817e-01 1.619850281316791707e-01
9.628628582740225150e-01 7.504755282635774405e-01 -1.803622617319105281e-01 7.504349245752955921e-01 -2.763957396531718791e-01 -5.269323217710166762e-01 1.559579038920445304e-01
6.520153084251061326e-01 4.387281244715003914e-01 -2.495633750022909769e-01 6.518960871750725250e-01 -3.366258774456968306e-01 -9.021076055765233637e-01 1.055089706992226317e-01
9.034616692398913518e-01 7.337276998009933937e-01 -1.791010362631251240e-01 7.339163599481046685e-01 -2.892260232347727000e-01 -5.407462933930660132e-01 1.594059238359341601e-01
8.954389895005067102e-01 7.068906973648970693e-01 -1.910142578355236154e-01 7.065458947749176932e-01 -2.895472379675793073e-01 -5.368071640163596392e-01 1.577465979337440150e-01
6.486402417416777810e-01 5.325242443308084717e-01 -2.190217961209949549e-01 2.250478149639369430e-01 -3.427418652607818750e-01 -8.734850381192181823e-01 2.162086812003223002e-01
9.077136477978056117e-01 7.381792757454532783e-01 -1.760970255034248200e-01 7.381324084772602490e-01 -2.955828633825497986e-01 -5.378329298859731988e-01 1.538668155334461107e-01
6.789077240359316923e-01 3.823136124074457132e-01 -1.872699747845361085e-01 6.774057000213224988e-01 -4.193030331028613222e-01 -8.664376486615905648e-01 8.120737664749004547e-02
5.990621675553604586e-01 6.559636438259408564e-01 -1.885318489177277845e-01 5.993285252116887785e-01 -3.861842297878981811e-01 -8.086862117693374152e-01 9.557809173623114940e-02
7.203219789903709813e-01 6.646896262874633088e-01 -1.705962086235275621e-01 6.647666401276078885e-01 -3.693762925878821823e-01 -7.086204095932278069e-01 1.230506805747336452e-01
6.075617646731414911e-01 6.682211034438534369e-01 -1.670400249233350842e-01 6.076905287125784483e-01 -3.794874146500637480e-01 -8.017088043041149525e-01 1.114957686610105331e-01
9.154573850176779271e-01 3.227933374161157110e-01 -2.508037488483925159e-01 5.273364449411552801e-01 -3.612384110157216277e-01 -8.817823757966112286e-01 6.571309333432996669e-02
5.395759002584110675e-01 6.427276827348968880e-01 -1.876021264505195463e-01 6.057685966088142138e-01 -3.892196952951951783e-01 -8.331347899451446715e-01 9.648889846613137311e-02
5.900158774648284199e-01 6.507112028451219610e-01 -1.811026697024191168e-01 5.900814501332720674e-01 -3.937711805486105443e-01 -8.267945240165431864e-01 9.549901693343167131e-02
5.492163153412060739e-01 6.708863179321582493e-01 -1.659095116287827576e-01 5.489995368510034446e-01 -4.037171692374434961e-01 -8.745958230821131441e-01 9.905518381376203496e-02
5.348094540794374740e-01 5.349066938572976104e-01 -1.336099492517897058e-01 8.394694902343309284e-01 -3.740268192740957565e-01 -8.813923734312998359e-01 7.043679022025925440e-02
6.000777629662343848e-01 6.711728999048722777e-01 -1.792370074132995095e-01 6.003768482361886427e-01 -3.954598167823331623e-01 -7.777055571535744782e-01 1.122788964617189300e-01
5.664075134583891336e-01 6.989844185057867421e-01 -1.815598719090528723e-01 5.666964501996172299e-01 -3.939525175758635811e-01 -8.402186389156364177e-01 1.031509026893419889e-01
6.124180003880321799e-01 6.378919429693075127e-01 -1.672042693594794349e-01 6.325069972022748788e-01 -3.818962788102300276e-01 -7.770553751142313947e-01 1.145896435432274540e-01
5.495557587463468785e-01 6.660209169504660576e-01 -1.638681169424487938e-01 5.494095868203151545e-01 -4.005548785106739507e-01 -8.772987726680057108e-01 1.037604300235674959e-01
5.857704271769650362e-01 6.754727059691698621e-01 -1.791968966667829566e-01 5.856774189654552210e-01 -3.989065754896813920e-01 -7.978543195442502345e-01 1.084591728067079153e-01
5.444088897578340802e-01 6.796392920162606099e-01 -1.829241430621107167e-01 5.436148673735248238e-01 -4.051709805037007617e-01 -8.597746894428788256e-01 9.380731088558341701e-02
5.893708291701567070e-01 6.688715752964602412e-01 -1.797570874056543810e-01 5.918435832065938040e-01 -3.986695816810833515e-01 -7.903706859577640520e-01 1.095248898843151075e-01
7.374590702071246451e-01 1.057409426333951963e+00 -1.420818802811923687e-01 3.456732409105203185e-01 -3.318395581705995134e-01 -8.754623492286951469e-01 1.011477466416999121e-01
9.560414279360245349e-01 4.042270308436410886e-01 -2.124973356909030664e-01 6.158807858465449314e-01 -3.861542670186139947e-01 -8.813200651998267521e-01 1.671484076838939958e-01
9.564581205570436007e-01 4.178980964411674326e-01 -2.112940892079853694e-01 6.083585408991672994e-01 -3.867125972846984228e-01 -8.816346184204297831e-01 1.668272252742412087e-01
9.563801070271826799e-01 4.092222140684755871e-01 -2.116277590562178346e-01 6.147777376844656416e-01 -3.866910586643527714e-01 -8.814007452895655792e-01 1.667046246838415902e-01
9.551880943088570941e-01 4.108617614633486292e-01 -2.118972687639019137e-01 6.095242997446183031e-01 -3.898717302442243349e-01 -8.817548079963379859e-01 1.668841695863404195e-01
9.564233391809896512e-01 4.026497359967489142e-01 -2.122441885856504173e-01 6.142859729213980824e-01 -3.870982888702078073e-01 -8.816101172148774756e-01 1.677422731362659403e-01
9.562048630844726116e-01 4.171546921554294962e-01 -2.114294360590712463e-01 6.122473044140419596e-01 -3.880597125498587707e-01 -8.816117351212374720e-01 1.661601771710747855e-01
9.563169434068728991e-01 4.167277461053293663e-01 -2.116849550919666922e-01 6.117874210611251584e-01 -3.882723739113765893e-01 -8.816595059708653981e-01 1.661307554637131978e-01
9.552897669840246797e-01 4.129619583977598429e-01 -2.116439196858605487e-01 6.119398199095604785e-01 -3.872370372834392782e-01 -8.814180504465409793e-01 1.668356688311231073e-01
9.552584336616963823e-01 4.126444138482102675e-01 -2.120007834421611392e-01 6.109684090362381692e-01 -3.878766593225190240e-01 -8.815868482460225142e-01 1.666403242649445171e-01
9.551847656768819306e-01 4.108318601868481967e-01 -2.121162834703716471e-01 6.110992524245675295e-01 -3.865388765262270931e-01 -8.815106189035977202e-01 1.671509602763926461e-01
9.552131732629445260e-01 4.144197371227457127e-01 -2.119843849282160853e-01 6.101484761132434098e-01 -3.879660197096773677e-01 -8.815831201961800145e-01 1.667025687389285804e-01
9.552921381742272011e-01 4.131732207781381172e-01 -2.119952067958013886e-01 6.104081439030693002e-01 -3.876467267133723582e-01 -8.814958550117998337e-01 1.668276570049646024e-01
9.556492465616727161e-01 4.170976253186452487e-01 -2.117809504448309454e-01 6.109023296292461769e-01 -3.877515627153502731e-01 -8.815891197702891979e-01 1.662779422517843553e-01
9.550374853383487572e-01 4.181171179122360471e-01 -2.118616868558639565e-01 6.073141037745564130e-01 -3.888930155541155953e-01 -8.816532036266713224e-01 1.667523250461083739e-01
6.081135563029704816e-01 7.625290716853625472e-01 -2.077640101964751684e-01 6.080419455783323546e-01 -3.789517771554374859e-01 -8.608840596218518826e-01 1.616376389547423131e-01
6.548574439566452465e-01 9.858570303585802996e-01 -1.869472781015523166e-01 5.514278734893905964e-01 -3.746022236743783429e-01 -8.796217417503835456e-01 1.319087078553917713e-01
5.905319140561856583e-01 9.766678954992491501e-01 -2.124110297664008606e-01 5.905412853569640408e-01 -3.665958937699487774e-01 -8.801068544511341241e-01 1.213466358349181290e-01
1.137496301980105873e+00 7.758738109383314097e-01 -2.458162234533095014e-01 1.595985593816459398e-03 -3.738084609889970045e-01 -8.767536701240414843e-01 1.419256964979501989e-01
1.008412244648778433e+00 7.053459653773493931e-01 -2.245637800833923947e-01 1.650124578171612288e-01 -4.073135999474783997e-01 -8.839918115701164147e-01 1.650166204457915176e-01
1.057199038235328681e+00 7.609328565219664053e-01 -2.526648849533580932e-01 1.223298630964336636e-01 -4.382204149441656926e-01 -8.808722359011856851e-01 1.223379847960190669e-01
1.018910396534481899e+00 7.080223877540106070e-01 -2.031762363819453188e-01 4.027041087166338129e-01 -3.592454720373757238e-01 -8.777502662435742176e-01 1.687024252337920582e-01
1.224137503307637154e+00 7.950766490083289728e-01 -2.268620701030003017e-01 1.671310353091711998e-01 -3.662127573193060259e-01 -8.759350397501809438e-01 1.385488311760777469e-01
1.172038204341866674e+00 7.847103880545739374e-01 -2.325045419130274682e-01 6.345464491399313567e-02 -3.858187586455175677e-01 -8.770018158646682993e-01 1.426592135578797493e-01
1.082594303177873307e+00 7.580443067190076878e-01 -2.030312476304898806e-01 3.187029466728512617e-01 -3.590734016085919134e-01 -8.771220486311559483e-01 1.561447624431894776e-01
1.091107286695036649e+00 7.520106731638025455e-01 -1.836621136912905405e-01 4.252306257745803730e-01 -3.378394368747993370e-01 -8.750716038552128762e-01 1.578995999773991077e-01
1.002916659629556895e+00 7.032433696267108569e-01 -2.129311840325281424e-01 3.599954877147807930e-01 -3.753657761634420220e-01 -8.795959818716543310e-01 1.615090733103501930e-01
9.899850880877083537e-01 6.980282803868587127e-01 -2.206528235274350658e-01 2.925425299082351493e-01 -3.910202027810210090e-01 -8.814050583304795516e-01 1.559310083475655695e-01
9.753437462786918033e-01 6.673987347493028910e-01 -2.166426834402070956e-01 3.458137941099036494e-01 -3.802448657508427088e-01 -8.807077064972346214e-01 1.630771282306697212e-01
9.741728142392077627e-01 6.798650343423866538e-01 -2.206944017628404420e-01 3.023029961827885526e-01 -4.061725280288067674e-01 -8.830308843565340959e-01 1.543886476552138454e-01
9.470413059835911529e-01 6.007733237808572380e-01 -2.141592902394622300e-01 4.681003113110306368e-01 -3.914496943533128936e-01 -8.830098987964056789e-01 1.112733618050378431e-01
9.453485630047333554e-01 5.964517209812482124e-01 -2.147015179995750422e-01 4.659005679429157332e-01 -3.935684827672116803e-01 -8.832911766970275025e-01 1.109498652235704763e-01
9.488829608163964480e-01 6.051235299375815613e-01 -2.122488962190109962e-01 4.692042880372909730e-01 -3.900994654756524405e-01 -8.827724380691034378e-01 1.121403108503748747e-01
9.490202374943861319e-01 6.049859073920806907e-01 -2.122178271911252523e-01 4.702416969768624666e-01 -3.897732123241186009e-01 -8.827355097139566453e-01 1.122369761709655633e-01
9.470312921991860255e-01 6.005607460708204393e-01 -2.129460574136929907e-01 4.675564112737554123e-01 -3.921395301173657422e-01 -8.830237139679839586e-01 1.118091180559431658e-01
9.468067766463601487e-01 6.003180815574906681e-01 -2.134778606803781065e-01 4.663837142997522278e-01 -3.924533174944997427e-01 -8.830922956722304651e-01 1.118424966077775362e-01
9.468042222025547794e-01 6.004409787355595718e-01 -2.134276881264929038e-01 4.664088983989705950e-01 -3.924200959124174992e-01 -8.830662564100992817e-01 1.118415076824078314e-01
9.472980079147920174e-01 6.045924836737808228e-01 -2.133576515581850630e-01 4.611148038308818808e-01 -3.929550850001354290e-01 -8.831329191816482682e-01 1.113877446955808259e-01
9.473314115719351225e-01 6.045723730311197697e-01 -2.133444150669207007e-01 4.612321564840605737e-01 -3.929294192748030712e-01 -8.831156169722504945e-01 1.113897554614364516e-01
9.516495835524934055e-01 6.108902107494940115e-01 -2.127765095301149545e-01 4.750891264434760064e-01 -3.861327053863569669e-01 -8.823439046775320982e-01 1.126231236313225137e-01
9.510335419930282530e-01 6.100811997393966735e-01 -2.126187864108036729e-01 4.717761640846934723e-01 -3.878217611113224939e-01 -8.824863904645194879e-01 1.135323541241334000e-01
9.489243792844915815e-01 6.052760085133703782e-01 -2.144321195267453461e-01 4.692549777719592363e-01 -3.899549508747255366e-01 -8.827800464140098669e-01 1.131849060230795123e-01
9.452856986217939017e-01 5.985597264300607234e-01 -2.153279750180766006e-01 4.596763510406607356e-01 -3.953484806150865394e-01 -8.834165805155025364e-01 1.124535824061444478e-01
1.056153791913579276e+00 6.775168442785457490e-01 -1.929208601149302593e-01 7.133750923239565722e-01 -3.560868630055174511e-01 -8.770452089649883876e-01 1.448356710596014341e-01
1.037178267541853716e+00 1.126365852482859697e+00 -1.154789662702195713e-01 9.326976889265539139e-01 -1.750127772332811527e-01 -8.617921881630703496e-01 1.091261409799825499e-01
1.195516991788494909e+00 1.394523711854867454e+00 -3.664256802127956875e-02 1.450853323442567344e+00 3.847614856377443160e-02 -8.411431982115524786e-01 2.185106318673791514e-01
1.011345603709454810e+00 3.515426914185297291e-01 -1.442964647500073194e-01 7.324760850151708080e-01 -4.549869100636720343e-01 -8.865267677177464112e-01 1.837949076417318417e-01
9.836074957072240554e-01 3.556598014860342660e-01 -2.042142507887952096e-01 6.698201644114409881e-01 -4.093720922572013921e-01 -8.818055003384230872e-01 2.307929639263204269e-01
1.018850243058755378e+00 5.642350880897861742e-01 -1.536462766847722095e-01 6.527098973911320545e-01 -4.061772907646291064e-01 -8.798754066917522376e-01 2.325884428653909874e-01
1.038773540899450509e+00 3.904297130634003521e-01 -1.926307925168540547e-01 7.318556014992738668e-01 -4.225309302028819602e-01 -8.818613773394724520e-01 2.296573157703047652e-01
1.162019355500480966e+00 5.939140486766946170e-01 -1.591167731179584655e-01 6.788322113357280196e-01 -3.357794512408031062e-01 -8.713829650777158431e-01 2.902004787603394975e-01
