6.642009329833604703e-01 -1.065466244028709486e+00 -3.524410913836665826e-01
2.315547505968723607e-01 -7.039726139017887796e-01 9.248938126932870762e-01
7.796195919251556194e-01 -7.689181423637624357e-01 1.347057272705096641e-02
7.759957971961716217e-01 -7.731366744193989282e-01 3.617057946616404965e-03
7.758572928496643151e-01 -7.735176607574605345e-01 2.942617128700936863e-03
2.035932048222132947e-04 7.748774572487500123e-01 -7.747011755585604398e-01
-7.748098079541296812e-01 7.748251829769150500e-01 7.258255887177228298e-06
2.081631766435223792e-04 7.749999725994255462e-01 -7.748332716499366501e-01
7.749486052192233743e-01 -7.751588695696844944e-01 -2.648549875050723113e-04
-2.996854062868546382e-06 7.751250927109287758e-01 -7.751252649328537192e-01
-7.752330682020270869e-01 7.752706225629976133e-01 4.647592783981796180e-05
-7.753416706575937400e-01 7.753995625145135850e-01 7.820060649887079578e-05
7.754757698446386183e-01 -7.755383740303503082e-01 -8.235543744872650060e-05
7.756240941769156905e-01 -7.756579503616654048e-01 -4.299438811491987041e-05
7.757911598170447176e-01 -7.758146507604306574e-01 -2.838675406720795948e-05
7.759552829750336889e-01 -7.759939385144325463e-01 -4.316321304039576282e-05
7.761525555479278360e-01 -7.761453395264841237e-01 6.591043179179895519e-06
7.763527950733402072e-01 -7.763173345404605907e-01 4.267067928615489610e-05
-1.705622707576959245e-05 -7.765475688783320951e-01 7.765331159028945329e-01
7.767408382364200392e-01 -7.767608084706536520e-01 -2.345618210547411629e-05
-2.193908871655913818e-05 7.769756436814143630e-01 -7.769922205803980741e-01
7.772211309754283315e-01 -7.772241461407076724e-01 -2.910886345964015256e-06
2.114490052682425219e-05 -7.774524688933222016e-01 7.774679622700249038e-01
2.568539708130245224e-05 7.777354290112648005e-01 -7.777158697847906810e-01
-2.983110464011181812e-07 7.780005488538613845e-01 -7.779964824094134368e-01
-7.149788720907561375e-06 7.782790629559479534e-01 -7.782879864308029916e-01
-3.481654172347717954e-05 7.785663116436998266e-01 -7.785950617661789863e-01
-2.646733428542607071e-05 7.788874474544644766e-01 -7.789072442558149234e-01
-2.511374744956562178e-05 -7.792227579780186542e-01 7.792011419524148552e-01
7.795428941813695722e-01 -7.795570304195973410e-01 -2.059850780236886797e-05
7.798884118261859566e-01 -7.799051109565693363e-01 -1.991632910095998850e-05
1.766966336920391809e-05 -7.802574240956690055e-01 7.802726602234233422e-01
7.806195578990091644e-01 -7.806446273973846051e-01 -2.819727042024354491e-05
-7.810359492627696465e-01 7.810279449278824115e-01 -9.627964534775474193e-06
1.022393230583797927e-05 -7.814267683646628493e-01 7.814327371790850130e-01
-3.020105281536467228e-05 -7.818569604547520591e-01 7.818336849106815034e-01
-9.226005453973260798e-06 7.822794565386013144e-01 -7.822802704285600761e-01
6.602023872243781849e-06 7.827342878175533869e-01 -7.827308956109951810e-01
-1.653759936201494238e-05 -7.831910290222166005e-01 7.831756657634920682e-01
-3.605328355309096794e-06 7.836624194598954540e-01 -7.836622403170010465e-01
-7.841640026470317881e-01 7.841625307707075221e-01 -3.607314211317644292e-06
7.846533937977372419e-01 -7.846809170561267477e-01 -3.870671912922885407e-05
7.851742130523842178e-01 -7.852036067736680724e-01 -3.615639381093458413e-05
1.061627989382780881e-05 7.857376793787373970e-01 -7.857359416274598551e-01
-6.355689809478515771e-06 7.862867096005401457e-01 -7.862889446955380057e-01
7.868632846274206116e-01 -7.868575835210620539e-01 5.826660745297710753e-06
2.581031866244376158e-05 7.874709867972751187e-01 -7.874527673434492669e-01
3.549219177834590799e-05 -7.880620958299787704e-01 7.880865116744653065e-01
7.886969203532920858e-01 -7.887099408703861503e-01 -2.515628257068592316e-05
-1.764543608084116733e-05 7.893480825656808975e-01 -7.893608480544795913e-01
-7.900136111299533859e-01 7.900251508678295398e-01 5.934208622278596775e-06
7.906896117168291660e-01 -7.907272959778399724e-01 -4.640353195478674129e-05
7.914091927371007529e-01 -7.914271967675143848e-01 -2.978686446119835303e-05
-2.902655203758233645e-05 7.921391542983304834e-01 -7.921595393394118556e-01
7.928935604043410024e-01 -7.929119004865514686e-01 -3.111588596575720882e-05
-3.272437069392169205e-05 -7.936835287925576576e-01 7.936607063901677250e-01
-9.317405444392800294e-06 -7.944801736025974837e-01 7.944677611837362985e-01
7.952984743607813822e-01 -7.953098428239863127e-01 -2.048241271109019866e-05
7.961361685397593257e-01 -7.961600518826463802e-01 -2.814633203916842917e-05
-1.911186024260555350e-05 7.970184192435383341e-01 -7.970304648550141646e-01
-7.979222374492862535e-01 7.979095658433252858e-01 -1.434758955075282093e-05
-3.938891616318985757e-05 7.988362083051532281e-01 -7.988627356977222593e-01
2.809535987607972624e-05 7.998193627874887746e-01 -7.997949260813030925e-01
-1.587525748839903068e-05 -8.008021813601819971e-01 8.007895043162143178e-01
8.018133604396023850e-01 -8.018012502557125831e-01 1.176499860652154808e-05
-1.164212901734628359e-05 8.028565516483735509e-01 -8.028580174954482729e-01
-3.412027310540262381e-05 -8.039514521163612093e-01 8.039321485651962362e-01
3.754636366904595028e-05 8.050709668767017657e-01 -8.050493485983739594e-01
-8.062098403960974435e-01 8.062130641341709314e-01 1.705087038674759427e-05
-1.382467273972217379e-05 -8.074190874130231510e-01 8.074120003966460679e-01
-4.948965770696166737e-07 8.086443189396322895e-01 -8.086409922938130324e-01
8.099110373663467310e-01 -8.099165809159105667e-01 1.288718017862213970e-06
8.112336527284862431e-01 -8.112358473197462949e-01 4.196060667704965284e-06
8.126146119337405160e-01 -8.125949046045869428e-01 2.570784241789271659e-05
8.140125322736505575e-01 -8.140306311811250639e-01 -3.332202003503223085e-05
2.767737697642917109e-06 8.154870388838337814e-01 -8.154874699755276790e-01
8.170179249941509347e-01 -8.170059231734057015e-01 1.567856308854478030e-05
2.773805515002065295e-06 8.185924745578994077e-01 -8.185950591988362390e-01
8.202289281469539173e-01 -8.202544535954656713e-01 -3.715036084183141263e-05
8.219541544811354017e-01 -8.219628774823493078e-01 -5.625990582788980632e-06
-8.237370830451320458e-01 8.237428162571940327e-01 1.795454866734438098e-05
-3.005424960250355294e-05 -8.256069598799460341e-01 8.255914840539662070e-01
-1.711451703323107785e-05 8.275318263965243393e-01 -8.275462704268146119e-01
8.295785801160879824e-01 -8.295686297764439665e-01 2.307405888617184437e-05
1.642522815506010424e-05 8.317156868531287994e-01 -8.316996056479787347e-01
8.339302170279676574e-01 -8.339404885577152982e-01 -1.711141278479189193e-05
8.363000592859417548e-01 -8.362848975812788854e-01 2.605975153929133910e-05
8.387805839950618347e-01 -8.387847469249547494e-01 -1.748247047847809564e-05
-2.118681272745793085e-05 8.413968494296748535e-01 -8.414130308164714522e-01
1.635144179397681548e-05 -8.441857859932515584e-01 8.441898868487933694e-01
8.471653044101431496e-01 -8.471426900017481332e-01 3.456331701951051769e-05
-1.805704154058123358e-05 -8.503311512900961766e-01 8.503311795146515362e-01
8.537443332375972416e-01 -8.537328553762100203e-01 2.956011789842749289e-05
8.574196696080380597e-01 -8.574364712731338267e-01 -2.819884519716422662e-05
8.614427451278749981e-01 -8.614528890625658963e-01 -5.227012524769838813e-06
-8.658704817057754077e-01 8.658815626710774094e-01 3.070789324874289238e-05
-2.296411495142167142e-05 -8.708054822518057625e-01 8.707878829749653438e-01
2.762154704877920608e-05 -8.763774639177565051e-01 8.763844023862246146e-01
8.828481007253228263e-01 -8.828614008684343428e-01 -2.675177216272648476e-05
