1.370382928421242652e-01 -1.005480160638460019e+00 -6.662425226984235449e-01 6.469799874313270083e-01
5.372602001664030791e-01 6.218414383963121184e-01 -9.855680204243760789e-01 -7.030748009021621225e-01
-2.489104656830345430e-01 5.530212834048524595e-01 3.910378591897565870e-01 -9.738698053348930905e-01
1.164121528007129036e-01 -1.040334901603759299e+00 -5.975094321944361964e-01 7.886393070456449994e-01
1.094404121067532321e-01 -1.044064219669926352e+00 -6.359718052056817506e-01 7.982742680675036784e-01
-8.681719804798819495e-02 8.082970183175803847e-01 4.081619080089999296e-01 -7.888741765981923670e-01
-9.447746025477765652e-01 -5.082516936768991522e-01 2.292384043816729222e-01 8.349890052496384829e-01
8.475689692871916092e-01 2.728089633649053436e-01 -9.046829762622233817e-01 -4.422379451922307525e-01
-4.396100492982225605e-01 -3.753123915611905614e-01 -6.163569363863252715e-01 7.259880665082326656e-01
-8.704621545809756444e-01 -3.671399401480515134e-01 8.555447162289864238e-01 3.176370807758168713e-01
3.795831610512190313e-01 -8.519145520304332031e-01 -3.048354634712501232e-01 8.734036320056328684e-01
3.569120959748386945e-01 -3.231387182612773246e-01 -8.561908636382270510e-01 8.659406383040909594e-01
3.348616397209397966e-01 -3.473229238907105665e-01 -8.636928460802857366e-01 8.601033426698936335e-01
3.415454655087613589e-01 8.622233847498617099e-01 -8.621236889090858613e-01 -3.410948233773885008e-01
3.400144974174623691e-01 8.616451683960082431e-01 -8.624545070066599317e-01 -3.424569373803949546e-01
3.387722210199494155e-01 -3.447036597758493803e-01 8.615477813463285894e-01 -8.632945477876945439e-01
3.415217850633490704e-01 8.621831854759622882e-01 -8.622316498795467021e-01 -3.413606896732543916e-01
3.410045293627688157e-01 8.621762306714750856e-01 -8.624841197194561548e-01 -3.421891518569474266e-01
8.629114469941476795e-01 -8.621951305831982992e-01 -3.406712360871837486e-01 3.431080618464563692e-01
3.417132164414867224e-01 8.626958722678239599e-01 -8.630604824418219856e-01 -3.429765245623555003e-01
-3.425732633347200462e-01 3.427351727559480032e-01 8.631574459028130697e-01 -8.630837177706259800e-01
3.424188798886848017e-01 8.631014982426696847e-01 -3.432264198023088353e-01 -8.633563394764465215e-01
8.634035907156627498e-01 -8.633888528023103692e-01 -3.430866787283479158e-01 3.430268030269049140e-01
-3.432055867573020613e-01 3.435390677774998736e-01 8.636783771026588230e-01 -8.635915495363112315e-01
3.437234279700073780e-01 -3.435789264868950310e-01 8.638502674147372495e-01 -8.638202457139267931e-01
3.439167619251964902e-01 8.640636918403044042e-01 -8.640897008383996436e-01 -3.440307416779690430e-01
3.443396722804565879e-01 8.643122242165603986e-01 -8.642984314359902775e-01 -3.442441475580849675e-01
8.645606847840077158e-01 -8.645521914468077274e-01 -3.445949760656071836e-01 3.446720671070226394e-01
-8.648164517140313201e-01 -3.449496864904105786e-01 3.450778244558706520e-01 8.648466132990462185e-01
-3.453076984905485425e-01 3.454112157618707823e-01 8.651051586135287685e-01 -8.650631695593711257e-01
3.458181528646775416e-01 -3.456869774274452523e-01 -8.653585393540246251e-01 8.653825788833193755e-01
-8.656314517174232837e-01 -3.460739171159285532e-01 8.656569756354028922e-01 3.461928813885447598e-01
-3.466129287087137412e-01 8.659390549371207557e-01 -8.659690447310909311e-01 3.465052777195255507e-01
-3.469850633472908452e-01 3.470012661572561274e-01 8.662689218896604260e-01 -8.662683377992386191e-01
8.665927593470317269e-01 -8.665694903831402396e-01 -3.473690915158622605e-01 3.474799271996945604e-01
-3.479022942688680953e-01 3.478809003776738851e-01 8.669169511601718670e-01 -8.669171859865293372e-01
-8.672758725767506505e-01 -3.484053725130055179e-01 3.483440031814015736e-01 8.672558242614003543e-01
-8.676228755669747050e-01 -3.488789105612061237e-01 3.488461551853810905e-01 8.676120813367023121e-01
-8.679953817984316089e-01 -3.494019522822602308e-01 3.493513031092020382e-01 8.679770949586691486e-01
-8.683557210163744822e-01 8.683803643997933808e-01 3.499511220116343635e-01 -3.498629820298553295e-01
3.504407572681678129e-01 8.687546852954305399e-01 -8.687628034165798541e-01 -3.504686333597605841e-01
3.510456696437570523e-01 8.691683671363685804e-01 -8.691550051507083152e-01 -3.509913232512197334e-01
-8.695749947626634224e-01 -3.515812972788983637e-01 3.516292250095483518e-01 8.695874104736474042e-01
-8.700034452141802710e-01 3.522354781582133221e-01 -3.521824204608718922e-01 8.700186340413331720e-01
-3.528456782830152183e-01 3.528326968419027709e-01 -8.704610792346426651e-01 8.704569103116270856e-01
3.534834635003329950e-01 -8.709203621281604857e-01 -3.534905185490467283e-01 8.709158885447890741e-01
8.713963516156333355e-01 -3.541263952366734413e-01 3.541747755005461018e-01 -8.713826877281700689e-01
3.548443119561949799e-01 8.718788381847185631e-01 -3.548509614253773092e-01 -8.718813867630516024e-01
8.723715879734731393e-01 -8.723837574877254530e-01 3.555350327336507243e-01 -3.555723418683476300e-01
-8.728922791933950709e-01 -3.562859842686223466e-01 3.562835005662877697e-01 8.728934018579102005e-01
8.734265388782656014e-01 -3.570532615043146007e-01 -8.734286338116250548e-01 3.570464404354513066e-01
3.578480786095057375e-01 8.739816624723499849e-01 -8.739760323631111660e-01 -3.578195878953236431e-01
3.586323972437185370e-01 -8.745406821528713959e-01 -3.586402810366453586e-01 8.745388738302630749e-01
3.594984551830206487e-01 -8.751204398081038338e-01 -3.594625347988933406e-01 8.751291652025293688e-01
8.757179429632171441e-01 -3.603631073017270481e-01 -8.757272592536913258e-01 3.603193891402688420e-01
-3.612252862400410214e-01 3.612410387995409478e-01 -8.763393743022100946e-01 8.763438581547137174e-01
-8.769747708717474666e-01 -3.621361245666919748e-01 3.621810603038265186e-01 8.769824645369413973e-01
-3.630827010351647122e-01 -8.776253904440216580e-01 8.776343851886866387e-01 3.631234665722385957e-01
-8.783087367174956528e-01 3.640787947254213175e-01 -3.641056314141441486e-01 8.783068369434114953e-01
8.789958172739604780e-01 -8.790074940024670269e-01 3.650862701959116663e-01 -3.651265105011576861e-01
8.797218081957594027e-01 -8.797128893144501305e-01 3.661764830135999516e-01 -3.661383102083075602e-01
8.804609273136547731e-01 -3.672503175417988763e-01 -8.804613437633757034e-01 3.672518130305649775e-01
-8.812287338090954991e-01 -3.684054774719833780e-01 8.812149002110150064e-01 3.683491688640769812e-01
3.695673603749554115e-01 -3.695126001190546239e-01 8.820125743777205152e-01 -8.820013444016345794e-01
8.828213571504092139e-01 3.707449090614898246e-01 -8.828180017232203358e-01 -3.707529597030561064e-01
3.720001659378863734e-01 8.836524016281559479e-01 -3.719901027785208480e-01 -8.836513512648502822e-01
-3.732922993797668232e-01 -8.845151597903591068e-01 8.845111380608332574e-01 3.732815163382821044e-01
3.746261083517997137e-01 -3.746503733984303253e-01 -8.854142809764604660e-01 8.854065125290204730e-01
-8.863220565790397298e-01 -3.760032959403382113e-01 3.760527106112027673e-01 8.863354783388652791e-01
3.774580551134055773e-01 8.872786227705821149e-01 -3.774955738425156415e-01 -8.872864189668540069e-01
3.789790783047167766e-01 -3.789759669320593716e-01 8.882650298752410301e-01 -8.882606558927244045e-01
-8.892891832602218827e-01 -3.805694933626442289e-01 3.805181669833815894e-01 8.892782529299674277e-01
3.821346142066766038e-01 -8.903380247480335852e-01 -3.821849639862517356e-01 8.903259896709446730e-01
-3.838552149622567189e-01 -8.914261638596168158e-01 8.914258582157472688e-01 3.838620643009228450e-01
-8.925583205918704577e-01 -3.856378950751160883e-01 8.925521304901689046e-01 3.856006547486710567e-01
-8.937285326300214994e-01 -3.874708171280176194e-01 8.937236692516632441e-01 3.874501970037369514e-01
3.893920906416931671e-01 -8.949493704310037545e-01 8.949521422815301941e-01 -3.893843307025510736e-01
-3.913722092548533871e-01 8.962183180636495994e-01 -8.962083516137067107e-01 3.914219233149907051e-01
8.975277415695130934e-01 -3.935062212594337971e-01 3.934882372793432892e-01 -8.975295438145004523e-01
8.989094575716023439e-01 3.957423071726006158e-01 -3.956938617072824904e-01 -8.989002266702923460e-01
-3.980327567811195455e-01 3.980386508477505858e-01 -9.003321511428479251e-01 9.003356259841218678e-01
-9.018364315102407325e-01 4.004643645951191377e-01 -4.005076424937884516e-01 9.018267387009319958e-01
4.030557563177809000e-01 -9.033963471969368442e-01 -4.030623194681204891e-01 9.033918596266370393e-01
4.057969387055558874e-01 -9.050295363103014745e-01 -4.057696025977801657e-01 9.050323644715900784e-01
4.087004752611311242e-01 9.067610627059230488e-01 -4.086575120095987668e-01 -9.067515319184751288e-01
4.117624471443336320e-01 9.085730033859724664e-01 -4.117360362758891723e-01 -9.085643988384781711e-01
-4.150073871003840398e-01 -9.104774618953320742e-01 9.104818015182618574e-01 4.150247853739118531e-01
-4.185059583642334324e-01 4.185384555475468726e-01 9.125052003673499446e-01 -9.124990339250456106e-01
9.146469189350984186e-01 -4.223180665991235205e-01 4.222572598787263098e-01 -9.146554707776395343e-01
-9.169369805044476074e-01 9.169420355740427464e-01 -4.263364375246593285e-01 4.263639596828981970e-01
-4.308003769204918343e-01 -9.193993245896657784e-01 9.193866836068169679e-01 4.307404731023583011e-01
-4.356104034497525479e-01 -9.220364902438035193e-01 4.355905429728076372e-01 9.220305055375570547e-01
4.409667002929255619e-01 9.249084508691338691e-01 -4.409241902020948900e-01 -9.249016684655562148e-01
-9.280441439697674211e-01 -4.469181052150775213e-01 9.280337277121563089e-01 4.468599596204388402e-01
9.315028466150343522e-01 -9.315052872821808494e-01 -4.536157443404115197e-01 4.535946105238621295e-01
4.613742622768152168e-01 -4.613485144457023512e-01 9.354056232569223361e-01 -9.354025875086442454e-01
4.705477872309851151e-01 9.398752776729522029e-01 -4.705039750184549785e-01 -9.398721541989876194e-01
4.817791774072880395e-01 -9.451722840391393321e-01 -4.818106428561264032e-01 9.451724854963317046e-01
9.518308496704260824e-01 -4.966427494921092367e-01 -9.518277972352446881e-01 4.966779765042671491e-01
