9.665520221742172069e-01 2.998984946315961242e-01 6.331976203594489316e-01 4.665210127511345561e-01 1.331874197121910575e-01 7.999075144702016971e-01
9.665520221742172069e-01 2.998984946315961242e-01 6.331976203594489316e-01 4.665210127511345561e-01 1.331874197121910575e-01 7.999075144702016971e-01
9.665520221742172069e-01 2.998984946315961242e-01 6.331976203594489316e-01 4.665210127511345561e-01 1.331874197121910575e-01 7.999075144702016971e-01
9.665520221742172069e-01 2.998984946315961242e-01 6.331976203594489316e-01 4.665210127511345561e-01 1.331874197121910575e-01 7.999075144702016971e-01
9.665520221742172069e-01 2.998984946315961242e-01 6.331976203594489316e-01 4.665210127511345561e-01 1.331874197121910575e-01 7.999075144702016971e-01
9.665520221742172069e-01 2.998984946315961242e-01 6.331976203594489316e-01 4.665210127511345561e-01 1.331874197121910575e-01 7.999075144702016971e-01
9.665520221742172069e-01 2.998984946315961242e-01 6.331976203594489316e-01 4.665210127511345561e-01 1.331874197121910575e-01 7.999075144702016971e-01
9.665520221742172069e-01 2.998984946315961242e-01 6.331976203594489316e-01 4.665210127511345561e-01 1.331874197121910575e-01 7.999075144702016971e-01
9.665520221742172069e-01 2.998984946315961242e-01 6.331976203594489316e-01 4.665210127511345561e-01 1.331874197121910575e-01 7.999075144702016971e-01
9.665520221742172069e-01 2.998984946315961242e-01 6.331976203594489316e-01 4.665210127511345561e-01 1.331874197121910575e-01 7.999075144702016971e-01
9.665520221742172069e-01 2.998984946315961242e-01 6.331976203594489316e-01 4.665210127511345561e-01 1.331874197121910575e-01 7.999075144702016971e-01
9.665520221742172069e-01 2.998984946315961242e-01 6.331976203594489316e-01 4.665210127511345561e-01 1.331874197121910575e-01 7.999075144702016971e-01
9.665520221742172069e-01 2.998984946315961242e-01 6.331976203594489316e-01 4.665210127511345561e-01 1.331874197121910575e-01 7.999075144702016971e-01
9.665520221742172069e-01 2.998984946315961242e-01 6.331976203594489316e-01 4.665210127511345561e-01 1.331874197121910575e-01 7.999075144702016971e-01
9.665520221742172069e-01 2.998984946315961242e-01 6.331976203594489316e-01 4.665210127511345561e-01 1.331874197121910575e-01 7.999075144702016971e-01
9.665520221742172069e-01 2.998984946315961242e-01 6.331976203594489316e-01 4.665210127511345561e-01 1.331874197121910575e-01 7.999075144702016971e-01
9.665520221742172069e-01 2.998984946315961242e-01 6.331976203594489316e-01 4.665210127511345561e-01 1.331874197121910575e-01 7.999075144702016971e-01
9.665520221742172069e-01 2.998984946315961242e-01 6.331976203594489316e-01 4.665210127511345561e-01 1.331874197121910575e-01 7.999075144702016971e-01
9.665520221742172069e-01 2.998984946315961242e-01 6.331976203594489316e-01 4.665210127511345561e-01 1.331874197121910575e-01 7.999075144702016971e-01
9.665520221742172069e-01 2.998984946315961242e-01 6.331976203594489316e-01 4.665210127511345561e-01 1.331874197121910575e-01 7.999075144702016971e-01
9.665520221742172069e-01 2.998984946315961242e-01 6.331976203594489316e-01 4.665210127511345561e-01 1.331874197121910575e-01 7.999075144702016971e-01
9.665520221742172069e-01 2.998984946315961242e-01 6.331976203594489316e-01 4.665210127511345561e-01 1.331874197121910575e-01 7.999075144702016971e-01
9.665520221742172069e-01 2.998984946315961242e-01 6.331976203594489316e-01 4.665210127511345561e-01 1.331874197121910575e-01 7.999075144702016971e-01
9.665520221742172069e-01 2.998984946315961242e-01 6.331976203594489316e-01 4.665210127511345561e-01 1.331874197121910575e-01 7.999075144702016971e-01
9.665520221742172069e-01 2.998984946315961242e-01 6.331976203594489316e-01 4.665210127511345561e-01 1.331874197121910575e-01 7.999075144702016971e-01
9.665520221742172069e-01 2.998984946315961242e-01 6.331976203594489316e-01 4.665210127511345561e-01 1.331874197121910575e-01 7.999075144702016971e-01
9.665520221742172069e-01 2.998984946315961242e-01 6.331976203594489316e-01 4.665210127511345561e-01 1.331874197121910575e-01 7.999075144702016971e-01
9.665520221742172069e-01 2.998984946315961242e-01 6.331976203594489316e-01 4.665210127511345561e-01 1.331874197121910575e-01 7.999075144702016971e-01
9.665520221742172069e-01 2.998984946315961242e-01 6.331976203594489316e-01 4.665210127511345561e-01 1.331874197121910575e-01 7.999075144702016971e-01
9.665520221742172069e-01 2.998984946315961242e-01 6.331976203594489316e-01 4.665210127511345561e-01 1.331874197121910575e-01 7.999075144702016971e-01
9.665520221742172069e-01 2.998984946315961242e-01 6.331976203594489316e-01 4.665210127511345561e-01 1.331874197121910575e-01 7.999075144702016971e-01
9.665520221742172069e-01 2.998984946315961242e-01 6.331976203594489316e-01 4.665210127511345561e-01 1.331874197121910575e-01 7.999075144702016971e-01
9.665520221742172069e-01 2.998984946315961242e-01 6.331976203594489316e-01 4.665210127511345561e-01 1.331874197121910575e-01 7.999075144702016971e-01
9.665520221742172069e-01 2.998984946315961242e-01 6.331976203594489316e-01 4.665210127511345561e-01 1.331874197121910575e-01 7.999075144702016971e-01
9.665520221742172069e-01 2.998984946315961242e-01 6.331976203594489316e-01 4.665210127511345561e-01 1.331874197121910575e-01 7.999075144702016971e-01
9.665520221742172069e-01 2.998984946315961242e-01 6.331976203594489316e-01 4.665210127511345561e-01 1.331874197121910575e-01 7.999075144702016971e-01
9.665520221742172069e-01 2.998984946315961242e-01 6.331976203594489316e-01 4.665210127511345561e-01 1.331874197121910575e-01 7.999075144702016971e-01
9.665520221742172069e-01 2.998984946315961242e-01 6.331976203594489316e-01 4.665210127511345561e-01 1.331874197121910575e-01 7.999075144702016971e-01
9.665520221742172069e-01 2.998984946315961242e-01 6.331976203594489316e-01 4.665210127511345561e-01 1.331874197121910575e-01 7.999075144702016971e-01
9.665520221742172069e-01 2.998984946315961242e-01 6.331976203594489316e-01 4.665210127511345561e-01 1.331874197121910575e-01 7.999075144702016971e-01
9.665520221742172069e-01 2.998984946315961242e-01 6.331976203594489316e-01 4.665210127511345561e-01 1.331874197121910575e-01 7.999075144702016971e-01
9.665520221742172069e-01 2.998984946315961242e-01 6.331976203594489316e-01 4.665210127511345561e-01 1.331874197121910575e-01 7.999075144702016971e-01
9.665520221742172069e-01 2.998984946315961242e-01 6.331976203594489316e-01 4.665210127511345561e-01 1.331874197121910575e-01 7.999075144702016971e-01
9.665520221742172069e-01 2.998984946315961242e-01 6.331976203594489316e-01 4.665210127511345561e-01 1.331874197121910575e-01 7.999075144702016971e-01
9.665520221742172069e-01 2.998984946315961242e-01 6.331976203594489316e-01 4.665210127511345561e-01 1.331874197121910575e-01 7.999075144702016971e-01
9.665520221742172069e-01 2.998984946315961242e-01 6.331976203594489316e-01 4.665210127511345561e-01 1.331874197121910575e-01 7.999075144702016971e-01
9.665520221742172069e-01 2.998984946315961242e-01 6.331976203594489316e-01 4.665210127511345561e-01 1.331874197121910575e-01 7.999075144702016971e-01
9.665520221742172069e-01 2.998984946315961242e-01 6.331976203594489316e-01 4.665210127511345561e-01 1.331874197121910575e-01 7.999075144702016971e-01
9.665520221742172069e-01 2.998984946315961242e-01 6.331976203594489316e-01 4.665210127511345561e-01 1.331874197121910575e-01 7.999075144702016971e-01
9.665520221742172069e-01 2.998984946315961242e-01 6.331976203594489316e-01 4.665210127511345561e-01 1.331874197121910575e-01 7.999075144702016971e-01
9.665520221742172069e-01 2.998984946315961242e-01 6.331976203594489316e-01 4.665210127511345561e-01 1.331874197121910575e-01 7.999075144702016971e-01
9.665520221742172069e-01 2.998984946315961242e-01 6.331976203594489316e-01 4.665210127511345561e-01 1.331874197121910575e-01 7.999075144702016971e-01
9.665520221742172069e-01 2.998984946315961242e-01 6.331976203594489316e-01 4.665210127511345561e-01 1.331874197121910575e-01 7.999075144702016971e-01
9.665520221742172069e-01 2.998984946315961242e-01 6.331976203594489316e-01 4.665210127511345561e-01 1.331874197121910575e-01 7.999075144702016971e-01
9.665520221742172069e-01 2.998984946315961242e-01 6.331976203594489316e-01 4.665210127511345561e-01 1.331874197121910575e-01 7.999075144702016971e-01
9.665520221742172069e-01 2.998984946315961242e-01 6.331976203594489316e-01 4.665210127511345561e-01 1.331874197121910575e-01 7.999075144702016971e-01
9.665520221742172069e-01 2.998984946315961242e-01 6.331976203594489316e-01 4.665210127511345561e-01 1.331874197121910575e-01 7.999075144702016971e-01
9.665520221742172069e-01 2.998984946315961242e-01 6.331976203594489316e-01 4.665210127511345561e-01 1.331874197121910575e-01 7.999075144702016971e-01
9.665520221742172069e-01 2.998984946315961242e-01 6.331976203594489316e-01 4.665210127511345561e-01 1.331874197121910575e-01 7.999075144702016971e-01
9.665520221742172069e-01 2.998984946315961242e-01 6.331976203594489316e-01 4.665210127511345561e-01 1.331874197121910575e-01 7.999075144702016971e-01
9.665520221742172069e-01 2.998984946315961242e-01 6.331976203594489316e-01 4.665210127511345561e-01 1.331874197121910575e-01 7.999075144702016971e-01
9.665520221742172069e-01 2.998984946315961242e-01 6.331976203594489316e-01 4.665210127511345561e-01 1.331874197121910575e-01 7.999075144702016971e-01
9.665520221742172069e-01 2.998984946315961242e-01 6.331976203594489316e-01 4.665210127511345561e-01 1.331874197121910575e-01 7.999075144702016971e-01
9.665520221742172069e-01 2.998984946315961242e-01 6.331976203594489316e-01 4.665210127511345561e-01 1.331874197121910575e-01 7.999075144702016971e-01
9.665520221742172069e-01 2.998984946315961242e-01 6.331976203594489316e-01 4.665210127511345561e-01 1.331874197121910575e-01 7.999075144702016971e-01
9.665520221742172069e-01 2.998984946315961242e-01 6.331976203594489316e-01 4.665210127511345561e-01 1.331874197121910575e-01 7.999075144702016971e-01
9.665520221742172069e-01 2.998984946315961242e-01 6.331976203594489316e-01 4.665210127511345561e-01 1.331874197121910575e-01 7.999075144702016971e-01
9.665520221742172069e-01 2.998984946315961242e-01 6.331976203594489316e-01 4.665210127511345561e-01 1.331874197121910575e-01 7.999075144702016971e-01
9.665520221742172069e-01 2.998984946315961242e-01 6.331976203594489316e-01 4.665210127511345561e-01 1.331874197121910575e-01 7.999075144702016971e-01
9.665520221742172069e-01 2.998984946315961242e-01 6.331976203594489316e-01 4.665210127511345561e-01 1.331874197121910575e-01 7.999075144702016971e-01
9.665520221742172069e-01 2.998984946315961242e-01 6.331976203594489316e-01 4.665210127511345561e-01 1.331874197121910575e-01 7.999075144702016971e-01
9.665520221742172069e-01 2.998984946315961242e-01 6.331976203594489316e-01 4.665210127511345561e-01 1.331874197121910575e-01 7.999075144702016971e-01
9.665520221742172069e-01 2.998984946315961242e-01 6.331976203594489316e-01 4.665210127511345561e-01 1.331874197121910575e-01 7.999075144702016971e-01
9.665520221742172069e-01 2.998984946315961242e-01 6.331976203594489316e-01 4.665210127511345561e-01 1.331874197121910575e-01 7.999075144702016971e-01
9.665520221742172069e-01 2.998984946315961242e-01 6.331976203594489316e-01 4.665210127511345561e-01 1.331874197121910575e-01 7.999075144702016971e-01
9.665520221742172069e-01 2.998984946315961242e-01 6.331976203594489316e-01 4.665210127511345561e-01 1.331874197121910575e-01 7.999075144702016971e-01
9.665520221742172069e-01 2.998984946315961242e-01 6.331976203594489316e-01 4.665210127511345561e-01 1.331874197121910575e-01 7.999075144702016971e-01
9.665520221742172069e-01 2.998984946315961242e-01 6.331976203594489316e-01 4.665210127511345561e-01 1.331874197121910575e-01 7.999075144702016971e-01
9.665520221742172069e-01 2.998984946315961242e-01 6.331976203594489316e-01 4.665210127511345561e-01 1.331874197121910575e-01 7.999075144702016971e-01
9.665520221742172069e-01 2.998984946315961242e-01 6.331976203594489316e-01 4.665210127511345561e-01 1.331874197121910575e-01 7.999075144702016971e-01
9.665520221742172069e-01 2.998984946315961242e-01 6.331976203594489316e-01 4.665210127511345561e-01 1.331874197121910575e-01 7.999075144702016971e-01
9.665520221742172069e-01 2.998984946315961242e-01 6.331976203594489316e-01 4.665210127511345561e-01 1.331874197121910575e-01 7.999075144702016971e-01
9.665520221742172069e-01 2.998984946315961242e-01 6.331976203594489316e-01 4.665210127511345561e-01 1.331874197121910575e-01 7.999075144702016971e-01
9.665520221742172069e-01 2.998984946315961242e-01 6.331976203594489316e-01 4.665210127511345561e-01 1.331874197121910575e-01 7.999075144702016971e-01
9.665520221742172069e-01 2.998984946315961242e-01 6.331976203594489316e-01 4.665210127511345561e-01 1.331874197121910575e-01 7.999075144702016971e-01
9.665520221742172069e-01 2.998984946315961242e-01 6.331976203594489316e-01 4.665210127511345561e-01 1.331874197121910575e-01 7.999075144702016971e-01
9.665520221742172069e-01 2.998984946315961242e-01 6.331976203594489316e-01 4.665210127511345561e-01 1.331874197121910575e-01 7.999075144702016971e-01
9.665520221742172069e-01 2.998984946315961242e-01 6.331976203594489316e-01 4.665210127511345561e-01 1.331874197121910575e-01 7.999075144702016971e-01
9.665520221742172069e-01 2.998984946315961242e-01 6.331976203594489316e-01 4.665210127511345561e-01 1.331874197121910575e-01 7.999075144702016971e-01
9.665520221742172069e-01 2.998984946315961242e-01 6.331976203594489316e-01 4.665210127511345561e-01 1.331874197121910575e-01 7.999075144702016971e-01
9.665520221742172069e-01 2.998984946315961242e-01 6.331976203594489316e-01 4.665210127511345561e-01 1.331874197121910575e-01 7.999075144702016971e-01
9.665520221742172069e-01 2.998984946315961242e-01 6.331976203594489316e-01 4.665210127511345561e-01 1.331874197121910575e-01 7.999075144702016971e-01
9.665520221742172069e-01 2.998984946315961242e-01 6.331976203594489316e-01 4.665210127511345561e-01 1.331874197121910575e-01 7.999075144702016971e-01
9.665520221742172069e-01 2.998984946315961242e-01 6.331976203594489316e-01 4.665210127511345561e-01 1.331874197121910575e-01 7.999075144702016971e-01
9.665520221742172069e-01 2.998984946315961242e-01 6.331976203594489316e-01 4.665210127511345561e-01 1.331874197121910575e-01 7.999075144702016971e-01
9.665520221742172069e-01 2.998984946315961242e-01 6.331976203594489316e-01 4.665210127511345561e-01 1.331874197121910575e-01 7.999075144702016971e-01
9.665520221742172069e-01 2.998984946315961242e-01 6.331976203594489316e-01 4.665210127511345561e-01 1.331874197121910575e-01 7.999075144702016971e-01
9.665520221742172069e-01 2.998984946315961242e-01 6.331976203594489316e-01 4.665210127511345561e-01 1.331874197121910575e-01 7.999075144702016971e-01
9.665520221742172069e-01 2.998984946315961242e-01 6.331976203594489316e-01 4.665210127511345561e-01 1.331874197121910575e-01 7.999075144702016971e-01
