6.785997235178899967e-01 1.785997145107122985e-01
6.787734616511666985e-01 1.787734002632818120e-01
6.788599658718754704e-01 1.788599865020363000e-01
6.788599658718754704e-01 1.788599865020363000e-01
6.787895899810671985e-01 1.787895710236657165e-01
6.788057183109676984e-01 1.788057417840496210e-01
6.786810948592516546e-01 1.786810815876923308e-01
6.787732792282019645e-01 1.787732719445166707e-01
6.787976541460174484e-01 1.787976564038576688e-01
6.787514707500599265e-01 1.787514970660629143e-01
6.744606319389088167e-01 1.744606317091736969e-01
6.788057183109676984e-01 1.788057417840496210e-01
6.787881243382656304e-01 1.787881379144569682e-01
8.955412728651963583e-01 3.955412684414690849e-01
6.787514707500599265e-01 1.787514970660629143e-01
6.787895899810671985e-01 1.787895710236657165e-01
8.955412728651963583e-01 3.955412684414690849e-01
6.788599658718754704e-01 1.788599865020363000e-01
6.788599658718754704e-01 1.788599865020363000e-01
8.955412728651963583e-01 3.955412684414690849e-01
6.787895899810671985e-01 1.787895710236657165e-01
6.788016862284925734e-01 1.788016990939536588e-01
6.787895899810671985e-01 1.787895710236657165e-01
6.787976541460174484e-01 1.787976564038576688e-01
6.787976541460174484e-01 1.787976564038576688e-01
6.788599658718754704e-01 1.788599865020363000e-01
6.788599658718754704e-01 1.788599865020363000e-01
6.787895899810671985e-01 1.787895710236657165e-01
6.795708658766888011e-01 1.795708735937053269e-01
6.800353267060502693e-01 1.800353389891553579e-01
6.787976541460174484e-01 1.787976564038576688e-01
6.788614315146770384e-01 1.788614196112451038e-01
8.955412728651963583e-01 3.955412684414690849e-01
6.788599658718754704e-01 1.788599865020363000e-01
6.788599658718754704e-01 1.788599865020363000e-01
8.955412728651963583e-01 3.955412684414690849e-01
6.788966194600811743e-01 1.788966273504303817e-01
6.788614315146770384e-01 1.788614196112451038e-01
6.787895899810671985e-01 1.787895710236657165e-01
6.787514707500599265e-01 1.787514970660629143e-01
6.787976541460174484e-01 1.787976564038576688e-01
6.788599658718754704e-01 1.788599865020363000e-01
6.787895899810671985e-01 1.787895710236657165e-01
6.788599658718754704e-01 1.788599865020363000e-01
6.787895899810671985e-01 1.787895710236657165e-01
6.788599658718754704e-01 1.788599865020363000e-01
8.955412728651963583e-01 3.955412684414690849e-01
8.955412728651963583e-01 3.955412684414690849e-01
6.787895899810671985e-01 1.787895710236657165e-01
6.789061492678329923e-01 1.789061458398310545e-01
6.787976541460174484e-01 1.787976564038576688e-01
8.955412728651963583e-01 3.955412684414690849e-01
6.788614315146770384e-01 1.788614196112451038e-01
6.788599658718754704e-01 1.788599865020363000e-01
8.955412728651963583e-01 3.955412684414690849e-01
6.788016862284925734e-01 1.788016990939536588e-01
6.788599658718754704e-01 1.788599865020363000e-01
6.788614315146770384e-01 1.788614196112451038e-01
6.787976541460174484e-01 1.787976564038576688e-01
6.787514707500599265e-01 1.787514970660629143e-01
6.788599658718754704e-01 1.788599865020363000e-01
6.787976541460174484e-01 1.787976564038576688e-01
8.955412728651963583e-01 3.955412684414690849e-01
8.955412728651963583e-01 3.955412684414690849e-01
6.787514707500599265e-01 1.787514970660629143e-01
8.955412728651963583e-01 3.955412684414690849e-01
8.955412728651963583e-01 3.955412684414690849e-01
8.955412728651963583e-01 3.955412684414690849e-01
8.955412728651963583e-01 3.955412684414690849e-01
6.787514707500599265e-01 1.787514970660629143e-01
6.787732792282019645e-01 1.787732719445166707e-01
6.788599658718754704e-01 1.788599865020363000e-01
6.788599658718754704e-01 1.788599865020363000e-01
6.788599658718754704e-01 1.788599865020363000e-01
6.788599658718754704e-01 1.788599865020363000e-01
6.787732792282019645e-01 1.787732719445166707e-01
6.788599658718754704e-01 1.788599865020363000e-01
6.788057183109676984e-01 1.788057417840496210e-01
6.788599658718754704e-01 1.788599865020363000e-01
6.788167137615210844e-01 1.788166933826590421e-01
6.788599658718754704e-01 1.788599865020363000e-01
6.788057183109676984e-01 1.788057417840496210e-01
6.788599658718754704e-01 1.788599865020363000e-01
6.787976541460174484e-01 1.787976564038576688e-01
6.787734616511666985e-01 1.787734002632818120e-01
8.955412728651963583e-01 3.955412684414690849e-01
6.787948596776378629e-01 1.787948864245140213e-01
6.788167137615210844e-01 1.788166933826590421e-01
6.787948596776378629e-01 1.787948864245140213e-01
6.786862277385987685e-01 1.786863007494667865e-01
8.955412728651963583e-01 3.955412684414690849e-01
8.955412728651963583e-01 3.955412684414690849e-01
8.955412728651963583e-01 3.955412684414690849e-01
6.787738264970961666e-01 1.787736569008120946e-01
6.771225845391093401e-01 1.771231289763424144e-01
8.955412728651963583e-01 3.955412684414690849e-01
6.788599658718754704e-01 1.788599865020363000e-01
8.955412728651963583e-01 3.955412684414690849e-01
6.788132655928926784e-01 1.788271368981598219e-01
