6.794916980595044897e-01 5.365945795642315108e-01 8.223498861331807186e-01 2.509050796737313238e-01 9.651748050203519114e-01 1.080569393787174787e-01 3.937164035314382193e-01
6.794916980595044897e-01 5.365945795642315108e-01 8.223498861331807186e-01 2.509050796737313238e-01 9.651748050203519114e-01 1.080569393787174787e-01 3.937164035314382193e-01
6.794916980595044897e-01 5.365945795642315108e-01 8.223498861331807186e-01 2.509050796737313238e-01 9.651748050203519114e-01 1.080569393787174787e-01 3.937164035314382193e-01
6.794916980595044897e-01 5.365945795642315108e-01 8.223498861331807186e-01 2.509050796737313238e-01 9.651748050203519114e-01 1.080569393787174787e-01 3.937164035314382193e-01
6.794916980595044897e-01 5.365945795642315108e-01 8.223498861331807186e-01 2.509050796737313238e-01 9.651748050203519114e-01 1.080569393787174787e-01 3.937164035314382193e-01
6.794916980595044897e-01 5.365945795642315108e-01 8.223498861331807186e-01 2.509050796737313238e-01 9.651748050203519114e-01 1.080569393787174787e-01 3.937164035314382193e-01
6.794916980595044897e-01 5.365945795642315108e-01 8.223498861331807186e-01 2.509050796737313238e-01 9.651748050203519114e-01 1.080569393787174787e-01 3.937164035314382193e-01
6.794916980595044897e-01 5.365945795642315108e-01 8.223498861331807186e-01 2.509050796737313238e-01 9.651748050203519114e-01 1.080569393787174787e-01 3.937164035314382193e-01
6.794916980595044897e-01 5.365945795642315108e-01 8.223498861331807186e-01 2.509050796737313238e-01 9.651748050203519114e-01 1.080569393787174787e-01 3.937164035314382193e-01
6.794916980595044897e-01 5.365945795642315108e-01 8.223498861331807186e-01 2.509050796737313238e-01 9.651748050203519114e-01 1.080569393787174787e-01 3.937164035314382193e-01
6.794916980595044897e-01 5.365945795642315108e-01 8.223498861331807186e-01 2.509050796737313238e-01 9.651748050203519114e-01 1.080569393787174787e-01 3.937164035314382193e-01
6.794916980595044897e-01 5.365945795642315108e-01 8.223498861331807186e-01 2.509050796737313238e-01 9.651748050203519114e-01 1.080569393787174787e-01 3.937164035314382193e-01
6.794916980595044897e-01 5.365945795642315108e-01 8.223498861331807186e-01 2.509050796737313238e-01 9.651748050203519114e-01 1.080569393787174787e-01 3.937164035314382193e-01
6.794916980595044897e-01 5.365945795642315108e-01 8.223498861331807186e-01 2.509050796737313238e-01 9.651748050203519114e-01 1.080569393787174787e-01 3.937164035314382193e-01
6.794916980595044897e-01 5.365945795642315108e-01 8.223498861331807186e-01 2.509050796737313238e-01 9.651748050203519114e-01 1.080569393787174787e-01 3.937164035314382193e-01
6.794916980595044897e-01 5.365945795642315108e-01 8.223498861331807186e-01 2.509050796737313238e-01 9.651748050203519114e-01 1.080569393787174787e-01 3.937164035314382193e-01
6.794916980595044897e-01 5.365945795642315108e-01 8.223498861331807186e-01 2.509050796737313238e-01 9.651748050203519114e-01 1.080569393787174787e-01 3.937164035314382193e-01
6.794916980595044897e-01 5.365945795642315108e-01 8.223498861331807186e-01 2.509050796737313238e-01 9.651748050203519114e-01 1.080569393787174787e-01 3.937164035314382193e-01
6.794916980595044897e-01 5.365945795642315108e-01 8.223498861331807186e-01 2.509050796737313238e-01 9.651748050203519114e-01 1.080569393787174787e-01 3.937164035314382193e-01
6.794916980595044897e-01 5.365945795642315108e-01 8.223498861331807186e-01 2.509050796737313238e-01 9.651748050203519114e-01 1.080569393787174787e-01 3.937164035314382193e-01
6.794916980595044897e-01 5.365945795642315108e-01 8.223498861331807186e-01 2.509050796737313238e-01 9.651748050203519114e-01 1.080569393787174787e-01 3.937164035314382193e-01
6.794916980595044897e-01 5.365945795642315108e-01 8.223498861331807186e-01 2.509050796737313238e-01 9.651748050203519114e-01 1.080569393787174787e-01 3.937164035314382193e-01
6.794916980595044897e-01 5.365945795642315108e-01 8.223498861331807186e-01 2.509050796737313238e-01 9.651748050203519114e-01 1.080569393787174787e-01 3.937164035314382193e-01
6.794916980595044897e-01 5.365945795642315108e-01 8.223498861331807186e-01 2.509050796737313238e-01 9.651748050203519114e-01 1.080569393787174787e-01 3.937164035314382193e-01
6.794916980595044897e-01 5.365945795642315108e-01 8.223498861331807186e-01 2.509050796737313238e-01 9.651748050203519114e-01 1.080569393787174787e-01 3.937164035314382193e-01
6.794916980595044897e-01 5.365945795642315108e-01 8.223498861331807186e-01 2.509050796737313238e-01 9.651748050203519114e-01 1.080569393787174787e-01 3.937164035314382193e-01
6.794916980595044897e-01 5.365945795642315108e-01 8.223498861331807186e-01 2.509050796737313238e-01 9.651748050203519114e-01 1.080569393787174787e-01 3.937164035314382193e-01
6.794916980595044897e-01 5.365945795642315108e-01 8.223498861331807186e-01 2.509050796737313238e-01 9.651748050203519114e-01 1.080569393787174787e-01 3.937164035314382193e-01
6.794916980595044897e-01 5.365945795642315108e-01 8.223498861331807186e-01 2.509050796737313238e-01 9.651748050203519114e-01 1.080569393787174787e-01 3.937164035314382193e-01
6.794916980595044897e-01 5.365945795642315108e-01 8.223498861331807186e-01 2.509050796737313238e-01 9.651748050203519114e-01 1.080569393787174787e-01 3.937164035314382193e-01
6.794916980595044897e-01 5.365945795642315108e-01 8.223498861331807186e-01 2.509050796737313238e-01 9.651748050203519114e-01 1.080569393787174787e-01 3.937164035314382193e-01
6.794916980595044897e-01 5.365945795642315108e-01 8.223498861331807186e-01 2.509050796737313238e-01 9.651748050203519114e-01 1.080569393787174787e-01 3.937164035314382193e-01
6.794916980595044897e-01 5.365945795642315108e-01 8.223498861331807186e-01 2.509050796737313238e-01 9.651748050203519114e-01 1.080569393787174787e-01 3.937164035314382193e-01
6.794916980595044897e-01 5.365945795642315108e-01 8.223498861331807186e-01 2.509050796737313238e-01 9.651748050203519114e-01 1.080569393787174787e-01 3.937164035314382193e-01
6.794916980595044897e-01 5.365945795642315108e-01 8.223498861331807186e-01 2.509050796737313238e-01 9.651748050203519114e-01 1.080569393787174787e-01 3.937164035314382193e-01
6.794916980595044897e-01 5.365945795642315108e-01 8.223498861331807186e-01 2.509050796737313238e-01 9.651748050203519114e-01 1.080569393787174787e-01 3.937164035314382193e-01
6.794916980595044897e-01 5.365945795642315108e-01 8.223498861331807186e-01 2.509050796737313238e-01 9.651748050203519114e-01 1.080569393787174787e-01 3.937164035314382193e-01
6.794916980595044897e-01 5.365945795642315108e-01 8.223498861331807186e-01 2.509050796737313238e-01 9.651748050203519114e-01 1.080569393787174787e-01 3.937164035314382193e-01
6.794916980595044897e-01 5.365945795642315108e-01 8.223498861331807186e-01 2.509050796737313238e-01 9.651748050203519114e-01 1.080569393787174787e-01 3.937164035314382193e-01
6.794916980595044897e-01 5.365945795642315108e-01 8.223498861331807186e-01 2.509050796737313238e-01 9.651748050203519114e-01 1.080569393787174787e-01 3.937164035314382193e-01
6.794916980595044897e-01 5.365945795642315108e-01 8.223498861331807186e-01 2.509050796737313238e-01 9.651748050203519114e-01 1.080569393787174787e-01 3.937164035314382193e-01
6.794916980595044897e-01 5.365945795642315108e-01 8.223498861331807186e-01 2.509050796737313238e-01 9.651748050203519114e-01 1.080569393787174787e-01 3.937164035314382193e-01
6.794916980595044897e-01 5.365945795642315108e-01 8.223498861331807186e-01 2.509050796737313238e-01 9.651748050203519114e-01 1.080569393787174787e-01 3.937164035314382193e-01
6.794916980595044897e-01 5.365945795642315108e-01 8.223498861331807186e-01 2.509050796737313238e-01 9.651748050203519114e-01 1.080569393787174787e-01 3.937164035314382193e-01
6.794916980595044897e-01 5.365945795642315108e-01 8.223498861331807186e-01 2.509050796737313238e-01 9.651748050203519114e-01 1.080569393787174787e-01 3.937164035314382193e-01
6.794916980595044897e-01 5.365945795642315108e-01 8.223498861331807186e-01 2.509050796737313238e-01 9.651748050203519114e-01 1.080569393787174787e-01 3.937164035314382193e-01
6.794916980595044897e-01 5.365945795642315108e-01 8.223498861331807186e-01 2.509050796737313238e-01 9.651748050203519114e-01 1.080569393787174787e-01 3.937164035314382193e-01
6.794916980595044897e-01 5.365945795642315108e-01 8.223498861331807186e-01 2.509050796737313238e-01 9.651748050203519114e-01 1.080569393787174787e-01 3.937164035314382193e-01
6.794916980595044897e-01 5.365945795642315108e-01 8.223498861331807186e-01 2.509050796737313238e-01 9.651748050203519114e-01 1.080569393787174787e-01 3.937164035314382193e-01
6.794916980595044897e-01 5.365945795642315108e-01 8.223498861331807186e-01 2.509050796737313238e-01 9.651748050203519114e-01 1.080569393787174787e-01 3.937164035314382193e-01
6.794916980595044897e-01 5.365945795642315108e-01 8.223498861331807186e-01 2.509050796737313238e-01 9.651748050203519114e-01 1.080569393787174787e-01 3.937164035314382193e-01
6.794916980595044897e-01 5.365945795642315108e-01 8.223498861331807186e-01 2.509050796737313238e-01 9.651748050203519114e-01 1.080569393787174787e-01 3.937164035314382193e-01
6.794916980595044897e-01 5.365945795642315108e-01 8.223498861331807186e-01 2.509050796737313238e-01 9.651748050203519114e-01 1.080569393787174787e-01 3.937164035314382193e-01
6.794916980595044897e-01 5.365945795642315108e-01 8.223498861331807186e-01 2.509050796737313238e-01 9.651748050203519114e-01 1.080569393787174787e-01 3.937164035314382193e-01
6.794916980595044897e-01 5.365945795642315108e-01 8.223498861331807186e-01 2.509050796737313238e-01 9.651748050203519114e-01 1.080569393787174787e-01 3.937164035314382193e-01
6.794916980595044897e-01 5.365945795642315108e-01 8.223498861331807186e-01 2.509050796737313238e-01 9.651748050203519114e-01 1.080569393787174787e-01 3.937164035314382193e-01
6.794916980595044897e-01 5.365945795642315108e-01 8.223498861331807186e-01 2.509050796737313238e-01 9.651748050203519114e-01 1.080569393787174787e-01 3.937164035314382193e-01
6.794916980595044897e-01 5.365945795642315108e-01 8.223498861331807186e-01 2.509050796737313238e-01 9.651748050203519114e-01 1.080569393787174787e-01 3.937164035314382193e-01
6.794916980595044897e-01 5.365945795642315108e-01 8.223498861331807186e-01 2.509050796737313238e-01 9.651748050203519114e-01 1.080569393787174787e-01 3.937164035314382193e-01
6.794916980595044897e-01 5.365945795642315108e-01 8.223498861331807186e-01 2.509050796737313238e-01 9.651748050203519114e-01 1.080569393787174787e-01 3.937164035314382193e-01
6.794916980595044897e-01 5.365945795642315108e-01 8.223498861331807186e-01 2.509050796737313238e-01 9.651748050203519114e-01 1.080569393787174787e-01 3.937164035314382193e-01
6.794916980595044897e-01 5.365945795642315108e-01 8.223498861331807186e-01 2.509050796737313238e-01 9.651748050203519114e-01 1.080569393787174787e-01 3.937164035314382193e-01
6.794916980595044897e-01 5.365945795642315108e-01 8.223498861331807186e-01 2.509050796737313238e-01 9.651748050203519114e-01 1.080569393787174787e-01 3.937164035314382193e-01
6.794916980595044897e-01 5.365945795642315108e-01 8.223498861331807186e-01 2.509050796737313238e-01 9.651748050203519114e-01 1.080569393787174787e-01 3.937164035314382193e-01
6.794916980595044897e-01 5.365945795642315108e-01 8.223498861331807186e-01 2.509050796737313238e-01 9.651748050203519114e-01 1.080569393787174787e-01 3.937164035314382193e-01
6.794916980595044897e-01 5.365945795642315108e-01 8.223498861331807186e-01 2.509050796737313238e-01 9.651748050203519114e-01 1.080569393787174787e-01 3.937164035314382193e-01
6.794916980595044897e-01 5.365945795642315108e-01 8.223498861331807186e-01 2.509050796737313238e-01 9.651748050203519114e-01 1.080569393787174787e-01 3.937164035314382193e-01
6.794916980595044897e-01 5.365945795642315108e-01 8.223498861331807186e-01 2.509050796737313238e-01 9.651748050203519114e-01 1.080569393787174787e-01 3.937164035314382193e-01
6.794916980595044897e-01 5.365945795642315108e-01 8.223498861331807186e-01 2.509050796737313238e-01 9.651748050203519114e-01 1.080569393787174787e-01 3.937164035314382193e-01
6.794916980595044897e-01 5.365945795642315108e-01 8.223498861331807186e-01 2.509050796737313238e-01 9.651748050203519114e-01 1.080569393787174787e-01 3.937164035314382193e-01
6.794916980595044897e-01 5.365945795642315108e-01 8.223498861331807186e-01 2.509050796737313238e-01 9.651748050203519114e-01 1.080569393787174787e-01 3.937164035314382193e-01
6.794916980595044897e-01 5.365945795642315108e-01 8.223498861331807186e-01 2.509050796737313238e-01 9.651748050203519114e-01 1.080569393787174787e-01 3.937164035314382193e-01
6.794916980595044897e-01 5.365945795642315108e-01 8.223498861331807186e-01 2.509050796737313238e-01 9.651748050203519114e-01 1.080569393787174787e-01 3.937164035314382193e-01
6.794916980595044897e-01 5.365945795642315108e-01 8.223498861331807186e-01 2.509050796737313238e-01 9.651748050203519114e-01 1.080569393787174787e-01 3.937164035314382193e-01
6.794916980595044897e-01 5.365945795642315108e-01 8.223498861331807186e-01 2.509050796737313238e-01 9.651748050203519114e-01 1.080569393787174787e-01 3.937164035314382193e-01
6.794916980595044897e-01 5.365945795642315108e-01 8.223498861331807186e-01 2.509050796737313238e-01 9.651748050203519114e-01 1.080569393787174787e-01 3.937164035314382193e-01
6.794916980595044897e-01 5.365945795642315108e-01 8.223498861331807186e-01 2.509050796737313238e-01 9.651748050203519114e-01 1.080569393787174787e-01 3.937164035314382193e-01
6.794916980595044897e-01 5.365945795642315108e-01 8.223498861331807186e-01 2.509050796737313238e-01 9.651748050203519114e-01 1.080569393787174787e-01 3.937164035314382193e-01
6.794916980595044897e-01 5.365945795642315108e-01 8.223498861331807186e-01 2.509050796737313238e-01 9.651748050203519114e-01 1.080569393787174787e-01 3.937164035314382193e-01
6.794916980595044897e-01 5.365945795642315108e-01 8.223498861331807186e-01 2.509050796737313238e-01 9.651748050203519114e-01 1.080569393787174787e-01 3.937164035314382193e-01
6.794916980595044897e-01 5.365945795642315108e-01 8.223498861331807186e-01 2.509050796737313238e-01 9.651748050203519114e-01 1.080569393787174787e-01 3.937164035314382193e-01
6.794916980595044897e-01 5.365945795642315108e-01 8.223498861331807186e-01 2.509050796737313238e-01 9.651748050203519114e-01 1.080569393787174787e-01 3.937164035314382193e-01
6.794916980595044897e-01 5.365945795642315108e-01 8.223498861331807186e-01 2.509050796737313238e-01 9.651748050203519114e-01 1.080569393787174787e-01 3.937164035314382193e-01
6.794916980595044897e-01 5.365945795642315108e-01 8.223498861331807186e-01 2.509050796737313238e-01 9.651748050203519114e-01 1.080569393787174787e-01 3.937164035314382193e-01
6.794916980595044897e-01 5.365945795642315108e-01 8.223498861331807186e-01 2.509050796737313238e-01 9.651748050203519114e-01 1.080569393787174787e-01 3.937164035314382193e-01
6.794916980595044897e-01 5.365945795642315108e-01 8.223498861331807186e-01 2.509050796737313238e-01 9.651748050203519114e-01 1.080569393787174787e-01 3.937164035314382193e-01
6.794916980595044897e-01 5.365945795642315108e-01 8.223498861331807186e-01 2.509050796737313238e-01 9.651748050203519114e-01 1.080569393787174787e-01 3.937164035314382193e-01
6.794916980595044897e-01 5.365945795642315108e-01 8.223498861331807186e-01 2.509050796737313238e-01 9.651748050203519114e-01 1.080569393787174787e-01 3.937164035314382193e-01
6.794916980595044897e-01 5.365945795642315108e-01 8.223498861331807186e-01 2.509050796737313238e-01 9.651748050203519114e-01 1.080569393787174787e-01 3.937164035314382193e-01
6.794916980595044897e-01 5.365945795642315108e-01 8.223498861331807186e-01 2.509050796737313238e-01 9.651748050203519114e-01 1.080569393787174787e-01 3.937164035314382193e-01
6.794916980595044897e-01 5.365945795642315108e-01 8.223498861331807186e-01 2.509050796737313238e-01 9.651748050203519114e-01 1.080569393787174787e-01 3.937164035314382193e-01
6.794916980595044897e-01 5.365945795642315108e-01 8.223498861331807186e-01 2.509050796737313238e-01 9.651748050203519114e-01 1.080569393787174787e-01 3.937164035314382193e-01
6.794916980595044897e-01 5.365945795642315108e-01 8.223498861331807186e-01 2.509050796737313238e-01 9.651748050203519114e-01 1.080569393787174787e-01 3.937164035314382193e-01
6.794916980595044897e-01 5.365945795642315108e-01 8.223498861331807186e-01 2.509050796737313238e-01 9.651748050203519114e-01 1.080569393787174787e-01 3.937164035314382193e-01
6.794916980595044897e-01 5.365945795642315108e-01 8.223498861331807186e-01 2.509050796737313238e-01 9.651748050203519114e-01 1.080569393787174787e-01 3.937164035314382193e-01
6.794916980595044897e-01 5.365945795642315108e-01 8.223498861331807186e-01 2.509050796737313238e-01 9.651748050203519114e-01 1.080569393787174787e-01 3.937164035314382193e-01
6.794916980595044897e-01 5.365945795642315108e-01 8.223498861331807186e-01 2.509050796737313238e-01 9.651748050203519114e-01 1.080569393787174787e-01 3.937164035314382193e-01
6.794916980595044897e-01 5.365945795642315108e-01 8.223498861331807186e-01 2.509050796737313238e-01 9.651748050203519114e-01 1.080569393787174787e-01 3.937164035314382193e-01
6.794916980595044897e-01 5.365945795642315108e-01 8.223498861331807186e-01 2.509050796737313238e-01 9.651748050203519114e-01 1.080569393787174787e-01 3.937164035314382193e-01
