1.012179456951012968e+00 6.121867014174906529e-01 2.121745302698927749e-01 4.121668141001125774e-01 8.122231089353461053e-01
1.012179456951012968e+00 6.121867014174906529e-01 2.121745302698927749e-01 4.121668141001125774e-01 8.122231089353461053e-01
1.012179456951012968e+00 6.121867014174906529e-01 2.121745302698927749e-01 4.121668141001125774e-01 8.122231089353461053e-01
1.012179456951012968e+00 6.121867014174906529e-01 2.121745302698927749e-01 4.121668141001125774e-01 8.122231089353461053e-01
1.012179456951012968e+00 6.121867014174906529e-01 2.121745302698927749e-01 4.121668141001125774e-01 8.122231089353461053e-01
1.012179456951012968e+00 6.121867014174906529e-01 2.121745302698927749e-01 4.121668141001125774e-01 8.122231089353461053e-01
1.012179456951012968e+00 6.121867014174906529e-01 2.121745302698927749e-01 4.121668141001125774e-01 8.122231089353461053e-01
1.012179456951012968e+00 6.121867014174906529e-01 2.121745302698927749e-01 4.121668141001125774e-01 8.122231089353461053e-01
1.012179456951012968e+00 6.121867014174906529e-01 2.121745302698927749e-01 4.121668141001125774e-01 8.122231089353461053e-01
1.012179456951012968e+00 6.121867014174906529e-01 2.121745302698927749e-01 4.121668141001125774e-01 8.122231089353461053e-01
1.012179456951012968e+00 6.121867014174906529e-01 2.121745302698927749e-01 4.121668141001125774e-01 8.122231089353461053e-01
1.012179456951012968e+00 6.121867014174906529e-01 2.121745302698927749e-01 4.121668141001125774e-01 8.122231089353461053e-01
1.012179456951012968e+00 6.121867014174906529e-01 2.121745302698927749e-01 4.121668141001125774e-01 8.122231089353461053e-01
1.012179456951012968e+00 6.121867014174906529e-01 2.121745302698927749e-01 4.121668141001125774e-01 8.122231089353461053e-01
1.012179456951012968e+00 6.121867014174906529e-01 2.121745302698927749e-01 4.121668141001125774e-01 8.122231089353461053e-01
1.012179456951012968e+00 6.121867014174906529e-01 2.121745302698927749e-01 4.121668141001125774e-01 8.122231089353461053e-01
1.012179456951012968e+00 6.121867014174906529e-01 2.121745302698927749e-01 4.121668141001125774e-01 8.122231089353461053e-01
1.012179456951012968e+00 6.121867014174906529e-01 2.121745302698927749e-01 4.121668141001125774e-01 8.122231089353461053e-01
1.012179456951012968e+00 6.121867014174906529e-01 2.121745302698927749e-01 4.121668141001125774e-01 8.122231089353461053e-01
1.012179456951012968e+00 6.121867014174906529e-01 2.121745302698927749e-01 4.121668141001125774e-01 8.122231089353461053e-01
1.012179456951012968e+00 6.121867014174906529e-01 2.121745302698927749e-01 4.121668141001125774e-01 8.122231089353461053e-01
1.012179456951012968e+00 6.121867014174906529e-01 2.121745302698927749e-01 4.121668141001125774e-01 8.122231089353461053e-01
1.012179456951012968e+00 6.121867014174906529e-01 2.121745302698927749e-01 4.121668141001125774e-01 8.122231089353461053e-01
1.012179456951012968e+00 6.121867014174906529e-01 2.121745302698927749e-01 4.121668141001125774e-01 8.122231089353461053e-01
1.012179456951012968e+00 6.121867014174906529e-01 2.121745302698927749e-01 4.121668141001125774e-01 8.122231089353461053e-01
1.012179456951012968e+00 6.121867014174906529e-01 2.121745302698927749e-01 4.121668141001125774e-01 8.122231089353461053e-01
1.012179456951012968e+00 6.121867014174906529e-01 2.121745302698927749e-01 4.121668141001125774e-01 8.122231089353461053e-01
1.012179456951012968e+00 6.121867014174906529e-01 2.121745302698927749e-01 4.121668141001125774e-01 8.122231089353461053e-01
1.012179456951012968e+00 6.121867014174906529e-01 2.121745302698927749e-01 4.121668141001125774e-01 8.122231089353461053e-01
1.012179456951012968e+00 6.121867014174906529e-01 2.121745302698927749e-01 4.121668141001125774e-01 8.122231089353461053e-01
1.012179456951012968e+00 6.121867014174906529e-01 2.121745302698927749e-01 4.121668141001125774e-01 8.122231089353461053e-01
1.012179456951012968e+00 6.121867014174906529e-01 2.121745302698927749e-01 4.121668141001125774e-01 8.122231089353461053e-01
1.012179456951012968e+00 6.121867014174906529e-01 2.121745302698927749e-01 4.121668141001125774e-01 8.122231089353461053e-01
1.012179456951012968e+00 6.121867014174906529e-01 2.121745302698927749e-01 4.121668141001125774e-01 8.122231089353461053e-01
1.012179456951012968e+00 6.121867014174906529e-01 2.121745302698927749e-01 4.121668141001125774e-01 8.122231089353461053e-01
1.012179456951012968e+00 6.121867014174906529e-01 2.121745302698927749e-01 4.121668141001125774e-01 8.122231089353461053e-01
1.012179456951012968e+00 6.121867014174906529e-01 2.121745302698927749e-01 4.121668141001125774e-01 8.122231089353461053e-01
1.012179456951012968e+00 6.121867014174906529e-01 2.121745302698927749e-01 4.121668141001125774e-01 8.122231089353461053e-01
1.012179456951012968e+00 6.121867014174906529e-01 2.121745302698927749e-01 4.121668141001125774e-01 8.122231089353461053e-01
1.012179456951012968e+00 6.121867014174906529e-01 2.121745302698927749e-01 4.121668141001125774e-01 8.122231089353461053e-01
1.012179456951012968e+00 6.121867014174906529e-01 2.121745302698927749e-01 4.121668141001125774e-01 8.122231089353461053e-01
1.012179456951012968e+00 6.121867014174906529e-01 2.121745302698927749e-01 4.121668141001125774e-01 8.122231089353461053e-01
1.012179456951012968e+00 6.121867014174906529e-01 2.121745302698927749e-01 4.121668141001125774e-01 8.122231089353461053e-01
1.012179456951012968e+00 6.121867014174906529e-01 2.121745302698927749e-01 4.121668141001125774e-01 8.122231089353461053e-01
1.012179456951012968e+00 6.121867014174906529e-01 2.121745302698927749e-01 4.121668141001125774e-01 8.122231089353461053e-01
1.012179456951012968e+00 6.121867014174906529e-01 2.121745302698927749e-01 4.121668141001125774e-01 8.122231089353461053e-01
1.012179456951012968e+00 6.121867014174906529e-01 2.121745302698927749e-01 4.121668141001125774e-01 8.122231089353461053e-01
1.012179456951012968e+00 6.121867014174906529e-01 2.121745302698927749e-01 4.121668141001125774e-01 8.122231089353461053e-01
1.012179456951012968e+00 6.121867014174906529e-01 2.121745302698927749e-01 4.121668141001125774e-01 8.122231089353461053e-01
1.012179456951012968e+00 6.121867014174906529e-01 2.121745302698927749e-01 4.121668141001125774e-01 8.122231089353461053e-01
1.012179456951012968e+00 6.121867014174906529e-01 2.121745302698927749e-01 4.121668141001125774e-01 8.122231089353461053e-01
1.012179456951012968e+00 6.121867014174906529e-01 2.121745302698927749e-01 4.121668141001125774e-01 8.122231089353461053e-01
1.012179456951012968e+00 6.121867014174906529e-01 2.121745302698927749e-01 4.121668141001125774e-01 8.122231089353461053e-01
1.012179456951012968e+00 6.121867014174906529e-01 2.121745302698927749e-01 4.121668141001125774e-01 8.122231089353461053e-01
1.012179456951012968e+00 6.121867014174906529e-01 2.121745302698927749e-01 4.121668141001125774e-01 8.122231089353461053e-01
1.012179456951012968e+00 6.121867014174906529e-01 2.121745302698927749e-01 4.121668141001125774e-01 8.122231089353461053e-01
1.012179456951012968e+00 6.121867014174906529e-01 2.121745302698927749e-01 4.121668141001125774e-01 8.122231089353461053e-01
1.012179456951012968e+00 6.121867014174906529e-01 2.121745302698927749e-01 4.121668141001125774e-01 8.122231089353461053e-01
1.012179456951012968e+00 6.121867014174906529e-01 2.121745302698927749e-01 4.121668141001125774e-01 8.122231089353461053e-01
1.012179456951012968e+00 6.121867014174906529e-01 2.121745302698927749e-01 4.121668141001125774e-01 8.122231089353461053e-01
1.012179456951012968e+00 6.121867014174906529e-01 2.121745302698927749e-01 4.121668141001125774e-01 8.122231089353461053e-01
1.012179456951012968e+00 6.121867014174906529e-01 2.121745302698927749e-01 4.121668141001125774e-01 8.122231089353461053e-01
1.012179456951012968e+00 6.121867014174906529e-01 2.121745302698927749e-01 4.121668141001125774e-01 8.122231089353461053e-01
1.012179456951012968e+00 6.121867014174906529e-01 2.121745302698927749e-01 4.121668141001125774e-01 8.122231089353461053e-01
1.012179456951012968e+00 6.121867014174906529e-01 2.121745302698927749e-01 4.121668141001125774e-01 8.122231089353461053e-01
1.012179456951012968e+00 6.121867014174906529e-01 2.121745302698927749e-01 4.121668141001125774e-01 8.122231089353461053e-01
1.012179456951012968e+00 6.121867014174906529e-01 2.121745302698927749e-01 4.121668141001125774e-01 8.122231089353461053e-01
1.012179456951012968e+00 6.121867014174906529e-01 2.121745302698927749e-01 4.121668141001125774e-01 8.122231089353461053e-01
1.012179456951012968e+00 6.121867014174906529e-01 2.121745302698927749e-01 4.121668141001125774e-01 8.122231089353461053e-01
1.012179456951012968e+00 6.121867014174906529e-01 2.121745302698927749e-01 4.121668141001125774e-01 8.122231089353461053e-01
1.012179456951012968e+00 6.121867014174906529e-01 2.121745302698927749e-01 4.121668141001125774e-01 8.122231089353461053e-01
1.012179456951012968e+00 6.121867014174906529e-01 2.121745302698927749e-01 4.121668141001125774e-01 8.122231089353461053e-01
1.012179456951012968e+00 6.121867014174906529e-01 2.121745302698927749e-01 4.121668141001125774e-01 8.122231089353461053e-01
1.012179456951012968e+00 6.121867014174906529e-01 2.121745302698927749e-01 4.121668141001125774e-01 8.122231089353461053e-01
1.012179456951012968e+00 6.121867014174906529e-01 2.121745302698927749e-01 4.121668141001125774e-01 8.122231089353461053e-01
1.012179456951012968e+00 6.121867014174906529e-01 2.121745302698927749e-01 4.121668141001125774e-01 8.122231089353461053e-01
1.012179456951012968e+00 6.121867014174906529e-01 2.121745302698927749e-01 4.121668141001125774e-01 8.122231089353461053e-01
1.012179456951012968e+00 6.121867014174906529e-01 2.121745302698927749e-01 4.121668141001125774e-01 8.122231089353461053e-01
1.012179456951012968e+00 6.121867014174906529e-01 2.121745302698927749e-01 4.121668141001125774e-01 8.122231089353461053e-01
1.012179456951012968e+00 6.121867014174906529e-01 2.121745302698927749e-01 4.121668141001125774e-01 8.122231089353461053e-01
1.012179456951012968e+00 6.121867014174906529e-01 2.121745302698927749e-01 4.121668141001125774e-01 8.122231089353461053e-01
1.012179456951012968e+00 6.121867014174906529e-01 2.121745302698927749e-01 4.121668141001125774e-01 8.122231089353461053e-01
1.012179456951012968e+00 6.121867014174906529e-01 2.121745302698927749e-01 4.121668141001125774e-01 8.122231089353461053e-01
1.012179456951012968e+00 6.121867014174906529e-01 2.121745302698927749e-01 4.121668141001125774e-01 8.122231089353461053e-01
1.012179456951012968e+00 6.121867014174906529e-01 2.121745302698927749e-01 4.121668141001125774e-01 8.122231089353461053e-01
1.012179456951012968e+00 6.121867014174906529e-01 2.121745302698927749e-01 4.121668141001125774e-01 8.122231089353461053e-01
1.012179456951012968e+00 6.121867014174906529e-01 2.121745302698927749e-01 4.121668141001125774e-01 8.122231089353461053e-01
1.012179456951012968e+00 6.121867014174906529e-01 2.121745302698927749e-01 4.121668141001125774e-01 8.122231089353461053e-01
1.012179456951012968e+00 6.121867014174906529e-01 2.121745302698927749e-01 4.121668141001125774e-01 8.122231089353461053e-01
1.012179456951012968e+00 6.121867014174906529e-01 2.121745302698927749e-01 4.121668141001125774e-01 8.122231089353461053e-01
1.012179456951012968e+00 6.121867014174906529e-01 2.121745302698927749e-01 4.121668141001125774e-01 8.122231089353461053e-01
1.012179456951012968e+00 6.121867014174906529e-01 2.121745302698927749e-01 4.121668141001125774e-01 8.122231089353461053e-01
1.012179456951012968e+00 6.121867014174906529e-01 2.121745302698927749e-01 4.121668141001125774e-01 8.122231089353461053e-01
1.012179456951012968e+00 6.121867014174906529e-01 2.121745302698927749e-01 4.121668141001125774e-01 8.122231089353461053e-01
1.012179456951012968e+00 6.121867014174906529e-01 2.121745302698927749e-01 4.121668141001125774e-01 8.122231089353461053e-01
1.012179456951012968e+00 6.121867014174906529e-01 2.121745302698927749e-01 4.121668141001125774e-01 8.122231089353461053e-01
1.012179456951012968e+00 6.121867014174906529e-01 2.121745302698927749e-01 4.121668141001125774e-01 8.122231089353461053e-01
1.012179456951012968e+00 6.121867014174906529e-01 2.121745302698927749e-01 4.121668141001125774e-01 8.122231089353461053e-01
1.012179456951012968e+00 6.121867014174906529e-01 2.121745302698927749e-01 4.121668141001125774e-01 8.122231089353461053e-01
