8.668302085030449300e-01 1.168324826588625354e-01 6.167998838485664326e-01 3.667732941924173318e-01
8.668302085030449300e-01 1.168324826588625354e-01 6.167998838485664326e-01 3.667732941924173318e-01
8.668302085030449300e-01 1.168324826588625354e-01 6.167998838485664326e-01 3.667732941924173318e-01
8.668302085030449300e-01 1.168324826588625354e-01 6.167998838485664326e-01 3.667732941924173318e-01
8.668302085030449300e-01 1.168324826588625354e-01 6.167998838485664326e-01 3.667732941924173318e-01
8.668302085030449300e-01 1.168324826588625354e-01 6.167998838485664326e-01 3.667732941924173318e-01
8.668302085030449300e-01 1.168324826588625354e-01 6.167998838485664326e-01 3.667732941924173318e-01
8.668302085030449300e-01 1.168324826588625354e-01 6.167998838485664326e-01 3.667732941924173318e-01
8.668302085030449300e-01 1.168324826588625354e-01 6.167998838485664326e-01 3.667732941924173318e-01
8.668302085030449300e-01 1.168324826588625354e-01 6.167998838485664326e-01 3.667732941924173318e-01
8.668302085030449300e-01 1.168324826588625354e-01 6.167998838485664326e-01 3.667732941924173318e-01
8.668302085030449300e-01 1.168324826588625354e-01 6.167998838485664326e-01 3.667732941924173318e-01
8.668302085030449300e-01 1.168324826588625354e-01 6.167998838485664326e-01 3.667732941924173318e-01
8.668302085030449300e-01 1.168324826588625354e-01 6.167998838485664326e-01 3.667732941924173318e-01
8.668302085030449300e-01 1.168324826588625354e-01 6.167998838485664326e-01 3.667732941924173318e-01
8.668302085030449300e-01 1.168324826588625354e-01 6.167998838485664326e-01 3.667732941924173318e-01
8.668302085030449300e-01 1.168324826588625354e-01 6.167998838485664326e-01 3.667732941924173318e-01
8.668302085030449300e-01 1.168324826588625354e-01 6.167998838485664326e-01 3.667732941924173318e-01
8.668302085030449300e-01 1.168324826588625354e-01 6.167998838485664326e-01 3.667732941924173318e-01
8.668302085030449300e-01 1.168324826588625354e-01 6.167998838485664326e-01 3.667732941924173318e-01
8.668302085030449300e-01 1.168324826588625354e-01 6.167998838485664326e-01 3.667732941924173318e-01
8.668302085030449300e-01 1.168324826588625354e-01 6.167998838485664326e-01 3.667732941924173318e-01
8.668302085030449300e-01 1.168324826588625354e-01 6.167998838485664326e-01 3.667732941924173318e-01
8.668302085030449300e-01 1.168324826588625354e-01 6.167998838485664326e-01 3.667732941924173318e-01
8.668302085030449300e-01 1.168324826588625354e-01 6.167998838485664326e-01 3.667732941924173318e-01
8.668302085030449300e-01 1.168324826588625354e-01 6.167998838485664326e-01 3.667732941924173318e-01
8.668302085030449300e-01 1.168324826588625354e-01 6.167998838485664326e-01 3.667732941924173318e-01
8.668302085030449300e-01 1.168324826588625354e-01 6.167998838485664326e-01 3.667732941924173318e-01
8.668302085030449300e-01 1.168324826588625354e-01 6.167998838485664326e-01 3.667732941924173318e-01
8.668302085030449300e-01 1.168324826588625354e-01 6.167998838485664326e-01 3.667732941924173318e-01
8.668302085030449300e-01 1.168324826588625354e-01 6.167998838485664326e-01 3.667732941924173318e-01
8.668302085030449300e-01 1.168324826588625354e-01 6.167998838485664326e-01 3.667732941924173318e-01
8.668302085030449300e-01 1.168324826588625354e-01 6.167998838485664326e-01 3.667732941924173318e-01
8.668302085030449300e-01 1.168324826588625354e-01 6.167998838485664326e-01 3.667732941924173318e-01
8.668302085030449300e-01 1.168324826588625354e-01 6.167998838485664326e-01 3.667732941924173318e-01
8.668302085030449300e-01 1.168324826588625354e-01 6.167998838485664326e-01 3.667732941924173318e-01
8.668302085030449300e-01 1.168324826588625354e-01 6.167998838485664326e-01 3.667732941924173318e-01
8.668302085030449300e-01 1.168324826588625354e-01 6.167998838485664326e-01 3.667732941924173318e-01
8.668302085030449300e-01 1.168324826588625354e-01 6.167998838485664326e-01 3.667732941924173318e-01
8.668302085030449300e-01 1.168324826588625354e-01 6.167998838485664326e-01 3.667732941924173318e-01
8.668302085030449300e-01 1.168324826588625354e-01 6.167998838485664326e-01 3.667732941924173318e-01
8.668302085030449300e-01 1.168324826588625354e-01 6.167998838485664326e-01 3.667732941924173318e-01
8.668302085030449300e-01 1.168324826588625354e-01 6.167998838485664326e-01 3.667732941924173318e-01
8.668302085030449300e-01 1.168324826588625354e-01 6.167998838485664326e-01 3.667732941924173318e-01
8.668302085030449300e-01 1.168324826588625354e-01 6.167998838485664326e-01 3.667732941924173318e-01
8.668302085030449300e-01 1.168324826588625354e-01 6.167998838485664326e-01 3.667732941924173318e-01
8.668302085030449300e-01 1.168324826588625354e-01 6.167998838485664326e-01 3.667732941924173318e-01
8.668302085030449300e-01 1.168324826588625354e-01 6.167998838485664326e-01 3.667732941924173318e-01
8.668302085030449300e-01 1.168324826588625354e-01 6.167998838485664326e-01 3.667732941924173318e-01
8.668302085030449300e-01 1.168324826588625354e-01 6.167998838485664326e-01 3.667732941924173318e-01
8.668302085030449300e-01 1.168324826588625354e-01 6.167998838485664326e-01 3.667732941924173318e-01
8.668302085030449300e-01 1.168324826588625354e-01 6.167998838485664326e-01 3.667732941924173318e-01
8.668302085030449300e-01 1.168324826588625354e-01 6.167998838485664326e-01 3.667732941924173318e-01
8.668302085030449300e-01 1.168324826588625354e-01 6.167998838485664326e-01 3.667732941924173318e-01
8.668302085030449300e-01 1.168324826588625354e-01 6.167998838485664326e-01 3.667732941924173318e-01
8.668302085030449300e-01 1.168324826588625354e-01 6.167998838485664326e-01 3.667732941924173318e-01
8.668302085030449300e-01 1.168324826588625354e-01 6.167998838485664326e-01 3.667732941924173318e-01
8.668302085030449300e-01 1.168324826588625354e-01 6.167998838485664326e-01 3.667732941924173318e-01
8.668302085030449300e-01 1.168324826588625354e-01 6.167998838485664326e-01 3.667732941924173318e-01
8.668302085030449300e-01 1.168324826588625354e-01 6.167998838485664326e-01 3.667732941924173318e-01
8.668302085030449300e-01 1.168324826588625354e-01 6.167998838485664326e-01 3.667732941924173318e-01
8.668302085030449300e-01 1.168324826588625354e-01 6.167998838485664326e-01 3.667732941924173318e-01
8.668302085030449300e-01 1.168324826588625354e-01 6.167998838485664326e-01 3.667732941924173318e-01
8.668302085030449300e-01 1.168324826588625354e-01 6.167998838485664326e-01 3.667732941924173318e-01
8.668302085030449300e-01 1.168324826588625354e-01 6.167998838485664326e-01 3.667732941924173318e-01
8.668302085030449300e-01 1.168324826588625354e-01 6.167998838485664326e-01 3.667732941924173318e-01
8.668302085030449300e-01 1.168324826588625354e-01 6.167998838485664326e-01 3.667732941924173318e-01
8.668302085030449300e-01 1.168324826588625354e-01 6.167998838485664326e-01 3.667732941924173318e-01
8.668302085030449300e-01 1.168324826588625354e-01 6.167998838485664326e-01 3.667732941924173318e-01
8.668302085030449300e-01 1.168324826588625354e-01 6.167998838485664326e-01 3.667732941924173318e-01
8.668302085030449300e-01 1.168324826588625354e-01 6.167998838485664326e-01 3.667732941924173318e-01
8.668302085030449300e-01 1.168324826588625354e-01 6.167998838485664326e-01 3.667732941924173318e-01
8.668302085030449300e-01 1.168324826588625354e-01 6.167998838485664326e-01 3.667732941924173318e-01
8.668302085030449300e-01 1.168324826588625354e-01 6.167998838485664326e-01 3.667732941924173318e-01
8.668302085030449300e-01 1.168324826588625354e-01 6.167998838485664326e-01 3.667732941924173318e-01
8.668302085030449300e-01 1.168324826588625354e-01 6.167998838485664326e-01 3.667732941924173318e-01
8.668302085030449300e-01 1.168324826588625354e-01 6.167998838485664326e-01 3.667732941924173318e-01
8.668302085030449300e-01 1.168324826588625354e-01 6.167998838485664326e-01 3.667732941924173318e-01
8.668302085030449300e-01 1.168324826588625354e-01 6.167998838485664326e-01 3.667732941924173318e-01
8.668302085030449300e-01 1.168324826588625354e-01 6.167998838485664326e-01 3.667732941924173318e-01
8.668302085030449300e-01 1.168324826588625354e-01 6.167998838485664326e-01 3.667732941924173318e-01
8.668302085030449300e-01 1.168324826588625354e-01 6.167998838485664326e-01 3.667732941924173318e-01
8.668302085030449300e-01 1.168324826588625354e-01 6.167998838485664326e-01 3.667732941924173318e-01
8.668302085030449300e-01 1.168324826588625354e-01 6.167998838485664326e-01 3.667732941924173318e-01
8.668302085030449300e-01 1.168324826588625354e-01 6.167998838485664326e-01 3.667732941924173318e-01
8.668302085030449300e-01 1.168324826588625354e-01 6.167998838485664326e-01 3.667732941924173318e-01
8.668302085030449300e-01 1.168324826588625354e-01 6.167998838485664326e-01 3.667732941924173318e-01
8.668302085030449300e-01 1.168324826588625354e-01 6.167998838485664326e-01 3.667732941924173318e-01
8.668302085030449300e-01 1.168324826588625354e-01 6.167998838485664326e-01 3.667732941924173318e-01
8.668302085030449300e-01 1.168324826588625354e-01 6.167998838485664326e-01 3.667732941924173318e-01
8.668302085030449300e-01 1.168324826588625354e-01 6.167998838485664326e-01 3.667732941924173318e-01
8.668302085030449300e-01 1.168324826588625354e-01 6.167998838485664326e-01 3.667732941924173318e-01
8.668302085030449300e-01 1.168324826588625354e-01 6.167998838485664326e-01 3.667732941924173318e-01
8.668302085030449300e-01 1.168324826588625354e-01 6.167998838485664326e-01 3.667732941924173318e-01
8.668302085030449300e-01 1.168324826588625354e-01 6.167998838485664326e-01 3.667732941924173318e-01
8.668302085030449300e-01 1.168324826588625354e-01 6.167998838485664326e-01 3.667732941924173318e-01
8.668302085030449300e-01 1.168324826588625354e-01 6.167998838485664326e-01 3.667732941924173318e-01
8.668302085030449300e-01 1.168324826588625354e-01 6.167998838485664326e-01 3.667732941924173318e-01
8.668302085030449300e-01 1.168324826588625354e-01 6.167998838485664326e-01 3.667732941924173318e-01
