7.546809628699506778e-01 4.213305409079878272e-01 8.802455970841564781e-02
7.546809628699506778e-01 4.213305409079878272e-01 8.802455970841564781e-02
7.546809628699506778e-01 4.213305409079878272e-01 8.802455970841564781e-02
7.546809628699506778e-01 4.213305409079878272e-01 8.802455970841564781e-02
7.546809628699506778e-01 4.213305409079878272e-01 8.802455970841564781e-02
7.546809628699506778e-01 4.213305409079878272e-01 8.802455970841564781e-02
7.546809628699506778e-01 4.213305409079878272e-01 8.802455970841564781e-02
7.546809628699506778e-01 4.213305409079878272e-01 8.802455970841564781e-02
7.546809628699506778e-01 4.213305409079878272e-01 8.802455970841564781e-02
7.546809628699506778e-01 4.213305409079878272e-01 8.802455970841564781e-02
7.546809628699506778e-01 4.213305409079878272e-01 8.802455970841564781e-02
7.546809628699506778e-01 4.213305409079878272e-01 8.802455970841564781e-02
7.546809628699506778e-01 4.213305409079878272e-01 8.802455970841564781e-02
7.546809628699506778e-01 4.213305409079878272e-01 8.802455970841564781e-02
7.546809628699506778e-01 4.213305409079878272e-01 8.802455970841564781e-02
7.546809628699506778e-01 4.213305409079878272e-01 8.802455970841564781e-02
7.546809628699506778e-01 4.213305409079878272e-01 8.802455970841564781e-02
7.546809628699506778e-01 4.213305409079878272e-01 8.802455970841564781e-02
7.546809628699506778e-01 4.213305409079878272e-01 8.802455970841564781e-02
7.546809628699506778e-01 4.213305409079878272e-01 8.802455970841564781e-02
7.546809628699506778e-01 4.213305409079878272e-01 8.802455970841564781e-02
7.546809628699506778e-01 4.213305409079878272e-01 8.802455970841564781e-02
7.546809628699506778e-01 4.213305409079878272e-01 8.802455970841564781e-02
7.546809628699506778e-01 4.213305409079878272e-01 8.802455970841564781e-02
7.546809628699506778e-01 4.213305409079878272e-01 8.802455970841564781e-02
7.546809628699506778e-01 4.213305409079878272e-01 8.802455970841564781e-02
7.546809628699506778e-01 4.213305409079878272e-01 8.802455970841564781e-02
7.546809628699506778e-01 4.213305409079878272e-01 8.802455970841564781e-02
7.546809628699506778e-01 4.213305409079878272e-01 8.802455970841564781e-02
7.546809628699506778e-01 4.213305409079878272e-01 8.802455970841564781e-02
7.546809628699506778e-01 4.213305409079878272e-01 8.802455970841564781e-02
7.546809628699506778e-01 4.213305409079878272e-01 8.802455970841564781e-02
7.546809628699506778e-01 4.213305409079878272e-01 8.802455970841564781e-02
7.546809628699506778e-01 4.213305409079878272e-01 8.802455970841564781e-02
7.546809628699506778e-01 4.213305409079878272e-01 8.802455970841564781e-02
7.546809628699506778e-01 4.213305409079878272e-01 8.802455970841564781e-02
7.546809628699506778e-01 4.213305409079878272e-01 8.802455970841564781e-02
7.546809628699506778e-01 4.213305409079878272e-01 8.802455970841564781e-02
7.546809628699506778e-01 4.213305409079878272e-01 8.802455970841564781e-02
7.546809628699506778e-01 4.213305409079878272e-01 8.802455970841564781e-02
7.546809628699506778e-01 4.213305409079878272e-01 8.802455970841564781e-02
7.546809628699506778e-01 4.213305409079878272e-01 8.802455970841564781e-02
7.546809628699506778e-01 4.213305409079878272e-01 8.802455970841564781e-02
7.546809628699506778e-01 4.213305409079878272e-01 8.802455970841564781e-02
7.546809628699506778e-01 4.213305409079878272e-01 8.802455970841564781e-02
7.546809628699506778e-01 4.213305409079878272e-01 8.802455970841564781e-02
7.546809628699506778e-01 4.213305409079878272e-01 8.802455970841564781e-02
7.546809628699506778e-01 4.213305409079878272e-01 8.802455970841564781e-02
7.546809628699506778e-01 4.213305409079878272e-01 8.802455970841564781e-02
7.546809628699506778e-01 4.213305409079878272e-01 8.802455970841564781e-02
7.546809628699506778e-01 4.213305409079878272e-01 8.802455970841564781e-02
7.546809628699506778e-01 4.213305409079878272e-01 8.802455970841564781e-02
7.546809628699506778e-01 4.213305409079878272e-01 8.802455970841564781e-02
7.546809628699506778e-01 4.213305409079878272e-01 8.802455970841564781e-02
7.546809628699506778e-01 4.213305409079878272e-01 8.802455970841564781e-02
7.546809628699506778e-01 4.213305409079878272e-01 8.802455970841564781e-02
7.546809628699506778e-01 4.213305409079878272e-01 8.802455970841564781e-02
7.546809628699506778e-01 4.213305409079878272e-01 8.802455970841564781e-02
7.546809628699506778e-01 4.213305409079878272e-01 8.802455970841564781e-02
7.546809628699506778e-01 4.213305409079878272e-01 8.802455970841564781e-02
7.546809628699506778e-01 4.213305409079878272e-01 8.802455970841564781e-02
7.546809628699506778e-01 4.213305409079878272e-01 8.802455970841564781e-02
7.546809628699506778e-01 4.213305409079878272e-01 8.802455970841564781e-02
7.546809628699506778e-01 4.213305409079878272e-01 8.802455970841564781e-02
7.546809628699506778e-01 4.213305409079878272e-01 8.802455970841564781e-02
7.546809628699506778e-01 4.213305409079878272e-01 8.802455970841564781e-02
7.546809628699506778e-01 4.213305409079878272e-01 8.802455970841564781e-02
7.546809628699506778e-01 4.213305409079878272e-01 8.802455970841564781e-02
7.546809628699506778e-01 4.213305409079878272e-01 8.802455970841564781e-02
7.546809628699506778e-01 4.213305409079878272e-01 8.802455970841564781e-02
7.546809628699506778e-01 4.213305409079878272e-01 8.802455970841564781e-02
7.546809628699506778e-01 4.213305409079878272e-01 8.802455970841564781e-02
7.546809628699506778e-01 4.213305409079878272e-01 8.802455970841564781e-02
7.546809628699506778e-01 4.213305409079878272e-01 8.802455970841564781e-02
7.546809628699506778e-01 4.213305409079878272e-01 8.802455970841564781e-02
7.546809628699506778e-01 4.213305409079878272e-01 8.802455970841564781e-02
7.546809628699506778e-01 4.213305409079878272e-01 8.802455970841564781e-02
7.546809628699506778e-01 4.213305409079878272e-01 8.802455970841564781e-02
7.546809628699506778e-01 4.213305409079878272e-01 8.802455970841564781e-02
7.546809628699506778e-01 4.213305409079878272e-01 8.802455970841564781e-02
7.546809628699506778e-01 4.213305409079878272e-01 8.802455970841564781e-02
7.546809628699506778e-01 4.213305409079878272e-01 8.802455970841564781e-02
7.546809628699506778e-01 4.213305409079878272e-01 8.802455970841564781e-02
7.546809628699506778e-01 4.213305409079878272e-01 8.802455970841564781e-02
7.546809628699506778e-01 4.213305409079878272e-01 8.802455970841564781e-02
7.546809628699506778e-01 4.213305409079878272e-01 8.802455970841564781e-02
7.546809628699506778e-01 4.213305409079878272e-01 8.802455970841564781e-02
7.546809628699506778e-01 4.213305409079878272e-01 8.802455970841564781e-02
7.546809628699506778e-01 4.213305409079878272e-01 8.802455970841564781e-02
7.546809628699506778e-01 4.213305409079878272e-01 8.802455970841564781e-02
7.546809628699506778e-01 4.213305409079878272e-01 8.802455970841564781e-02
7.546809628699506778e-01 4.213305409079878272e-01 8.802455970841564781e-02
7.546809628699506778e-01 4.213305409079878272e-01 8.802455970841564781e-02
7.546809628699506778e-01 4.213305409079878272e-01 8.802455970841564781e-02
7.546809628699506778e-01 4.213305409079878272e-01 8.802455970841564781e-02
7.546809628699506778e-01 4.213305409079878272e-01 8.802455970841564781e-02
7.546809628699506778e-01 4.213305409079878272e-01 8.802455970841564781e-02
7.546809628699506778e-01 4.213305409079878272e-01 8.802455970841564781e-02
7.546809628699506778e-01 4.213305409079878272e-01 8.802455970841564781e-02
